0
1
2
3
4
5
6
7
8
9
10
11
12
13
14
15
16
17
18
19
20
21
22
23
24
25
26
27
28
29
30
31
32
33
34
35
36
37
38
39
40
41
42
43
44
45
46
47
48
49
50
51
52
53
54
55
56
57
58
59
60
61
62
63
64
65
66
67
68
69
70
71
72
73
74
75
76
77
78
79
80
81
82
83
84
85
86
87
88
{'filenames': ['0.cpp', '1.cpp', '2.cpp', '3.cpp', '4.cpp', '5.cpp', '6.cpp', '7.cpp', '8.cpp', '9.cpp', '10.cpp', '11.cpp', '12.cpp', '13.cpp', '14.cpp', '15.cpp', '16.cpp', '17.cpp', '18.cpp', '19.cpp', '20.cpp', '21.cpp', '22.cpp', '23.cpp', '24.cpp', '25.cpp', '26.cpp', '27.cpp', '28.cpp', '29.cpp', '30.cpp', '31.cpp', '32.cpp', '33.cpp', '34.cpp', '35.cpp', '36.cpp', '37.cpp', '38.cpp', '39.cpp', '40.cpp', '41.cpp', '42.cpp', '43.cpp', '44.cpp', '45.cpp', '46.cpp', '47.cpp', '48.cpp', '49.cpp', '50.cpp', '51.cpp', '52.cpp', '53.cpp', '54.cpp', '55.cpp', '56.cpp', '57.cpp', '58.cpp', '59.cpp', '60.cpp', '61.cpp', '62.cpp', '63.cpp', '64.cpp', '65.cpp', '66.cpp', '67.cpp', '68.cpp', '69.cpp', '70.cpp', '71.cpp', '72.cpp', '73.cpp', '74.cpp', '75.cpp', '76.cpp', '77.cpp', '78.cpp', '79.cpp', '80.cpp', '81.cpp', '82.cpp', '83.cpp', '84.cpp', '85.cpp', '86.cpp', '87.cpp', '88.cpp'], 'data': [0.0, 0.3211009174311927, 0.06666666666666667, 0.075, 0.08502024291497975, 0.14444444444444443, 0.22105263157894736, 0.06435643564356436, 0.07692307692307693, 0.08502024291497975, 0.008620689655172414, 0.06882591093117409, 0.22580645161290322, 0.23809523809523808, 0.09313725490196079, 0.4148936170212766, 0.40816326530612246, 0.10931174089068826, 0.07692307692307693, 0.11740890688259109, 0.09411764705882353, 0.10931174089068826, 0.16521739130434782, 0.1902834008097166, 0.27472527472527475, 0.09716599190283401, 0.0931174089068826, 0.11904761904761904, 0.13402061855670103, 0.3, 0.03643724696356275, 0.06666666666666667, 0.08287292817679558, 0.05668016194331984, 0.32051282051282054, 0.09230769230769231, 0.06779661016949153, 0.0728744939271255, 0.2376237623762376, 0.28, 0.06321839080459771, 0.09716599190283401, 0.048582995951417005, 0.10121457489878542, 0.11, 0.10687022900763359, 0.19387755102040816, 0.10121457489878542, 0.0, 0.12396694214876033, 0.08906882591093117, 0.08673469387755102, 0.006211180124223602, 0.15942028985507245, 0.04048582995951417, 0.043010752688172046, 0.00847457627118644, 0.13360323886639677, 0.020242914979757085, 0.1214574898785425, 0.12582781456953643, 0.10112359550561797, 0.22727272727272727, 0.0, 0.0728744939271255, 0.048582995951417005, 0.09716599190283401, 0.004048582995951417, 0.25, 0.0931174089068826, 0.10101010101010101, 0.048582995951417005, 0.1951219512195122, 0.21348314606741572, 0.21705426356589147, 0.16083916083916083, 0.12949640287769784, 0.032388663967611336, 0.13765182186234817, 0.18041237113402062, 0.3516483516483517, 0.022222222222222223, 0.08502024291497975, 0.1214574898785425, 0.027210884353741496, 0.08064516129032258, 0.1417004048582996, 0.03643724696356275, 0.04608294930875576, 0.0, 0.0, 0.05504587155963303, 0.075, 0.11009174311926606, 0.18888888888888888, 0.06315789473684211, 0.13761467889908258, 0.09174311926605505, 0.06422018348623854, 0.0, 0.03669724770642202, 0.11009174311926606, 0.3486238532110092, 0.12844036697247707, 0.3617021276595745, 0.30612244897959184, 0.11009174311926606, 0.1651376146788991, 0.22935779816513763, 0.011764705882352941, 0.1834862385321101, 0.30275229357798167, 0.045871559633027525, 0.25274725274725274, 0.1651376146788991, 0.12844036697247707, 0.1926605504587156, 0.14432989690721648, 0.28440366972477066, 0.05504587155963303, 0.044444444444444446, 0.06422018348623854, 0.07339449541284404, 0.14102564102564102, 0.07339449541284404, 0.05084745762711865, 0.10091743119266056, 0.27722772277227725, 0.09333333333333334, 0.045871559633027525, 0.11926605504587157, 0.07339449541284404, 0.1743119266055046, 0.11009174311926606, 0.045871559633027525, 0.25510204081632654, 0.21100917431192662, 0.0, 0.08256880733944955, 0.13761467889908258, 0.1651376146788991, 0.0, 0.26605504587155965, 0.03669724770642202, 0.08256880733944955, 0.0, 0.07339449541284404, 0.027522935779816515, 0.07339449541284404, 0.12844036697247707, 0.05504587155963303, 0.4036697247706422, 0.0, 0.10091743119266056, 0.0, 0.045871559633027525, 0.009174311926605505, 0.2018348623853211, 0.1926605504587156, 0.1834862385321101, 0.03669724770642202, 0.25688073394495414, 0.1348314606741573, 0.30275229357798167, 0.1834862385321101, 0.11009174311926606, 0.11009174311926606, 0.1926605504587156, 0.2018348623853211, 0.38461538461538464, 0.06422018348623854, 0.10091743119266056, 0.3394495412844037, 0.06422018348623854, 0.04838709677419355, 0.12844036697247707, 0.027522935779816515, 0.09174311926605505, 0.0, 0.0, 0.0, 0.0125, 0.06190476190476191, 0.011111111111111112, 0.17894736842105263, 0.10396039603960396, 0.08571428571428572, 0.05238095238095238, 0.034482758620689655, 0.1380952380952381, 0.07258064516129033, 0.061224489795918366, 0.14705882352941177, 0.02127659574468085, 0.061224489795918366, 0.03333333333333333, 0.02857142857142857, 0.047619047619047616, 0.0, 0.06190476190476191, 0.05217391304347826, 0.22857142857142856, 0.02197802197802198, 0.1523809523809524, 0.10952380952380952, 0.30158730158730157, 0.09278350515463918, 0.058333333333333334, 0.004761904761904762, 0.011111111111111112, 0.287292817679558, 0.04285714285714286, 0.11538461538461539, 0.1794871794871795, 0.0847457627118644, 0.03333333333333333, 0.0594059405940594, 0.10666666666666667, 0.3103448275862069, 0.23809523809523808, 0.09047619047619047, 0.047619047619047616, 0.06, 0.12213740458015267, 0.0, 0.08571428571428572, 0.2, 0.09917355371900827, 0.07142857142857142, 0.18877551020408162, 0.0, 0.03864734299516908, 0.014285714285714285, 0.043010752688172046, 0.00847457627118644, 0.23809523809523808, 0.014285714285714285, 0.07142857142857142, 0.026490066225165563, 0.34269662921348315, 0.0, 0.0, 0.05714285714285714, 0.047619047619047616, 0.06190476190476191, 0.0, 0.3014705882352941, 0.05714285714285714, 0.1919191919191919, 0.23333333333333334, 0.2621951219512195, 0.11235955056179775, 0.06976744186046512, 0.013986013986013986, 0.014388489208633094, 0.23333333333333334, 0.08571428571428572, 0.05154639175257732, 0.02197802197802198, 0.09523809523809523, 0.2, 0.04285714285714286, 0.14965986394557823, 0.06451612903225806, 0.07142857142857142, 0.014285714285714285, 0.19523809523809524, 0.0, 0.0, 0.0, 0.0, 0.0375, 0.15, 0.0625, 0.05, 0.1375, 0.0625, 0.0, 0.0125, 0.15, 0.1125, 0.1, 0.1, 0.125, 0.1, 0.025, 0.05, 0.0, 0.2, 0.0375, 0.0, 0.025, 0.1125, 0.0375, 0.1125, 0.15, 0.1125, 0.0, 0.1, 0.025, 0.0375, 0.15384615384615385, 0.075, 0.01694915254237288, 0.0875, 0.125, 0.16, 0.05, 0.1375, 0.0375, 0.125, 0.15, 0.1875, 0.025, 0.125, 0.0, 0.05, 0.025, 0.0375, 0.0, 0.125, 0.0, 0.0375, 0.0, 0.0375, 0.025, 0.0, 0.1, 0.15, 0.0375, 0.0, 0.0125, 0.0, 0.025, 0.0125, 0.0625, 0.1375, 0.075, 0.0375, 0.1125, 0.1375, 0.125, 0.0125, 0.1, 0.0875, 0.0625, 0.0125, 0.1, 0.125, 0.1, 0.0375, 0.0125, 0.3709677419354839, 0.0375, 0.025, 0.1, 0.0, 0.0, 0.0, 0.0, 0.0, 0.05555555555555555, 0.2, 0.06930693069306931, 0.22935779816513763, 0.12232415902140673, 0.017241379310344827, 0.06711409395973154, 0.1532258064516129, 0.09523809523809523, 0.05392156862745098, 0.0851063829787234, 0.15306122448979592, 0.11254019292604502, 0.07951070336391437, 0.09561752988047809, 0.0, 0.05504587155963303, 0.14782608695652175, 0.06422018348623854, 0.054945054945054944, 0.07641196013289037, 0.09174311926605505, 0.14285714285714285, 0.14432989690721648, 0.10833333333333334, 0.18042813455657492, 0.05555555555555555, 0.06077348066298342, 0.10408921933085502, 0.21794871794871795, 0.06666666666666667, 0.05084745762711865, 0.1162079510703364, 0.16831683168316833, 0.16, 0.06896551724137931, 0.10091743119266056, 0.09310344827586207, 0.164, 0.135, 0.09923664122137404, 0.07142857142857142, 0.10091743119266056, 0.021834061135371178, 0.09917355371900827, 0.039755351681957186, 0.07142857142857142, 0.0, 0.2995169082125604, 0.0581039755351682, 0.22580645161290322, 0.0423728813559322, 0.0856269113149847, 0.036065573770491806, 0.0728476821192053, 0.11920529801324503, 0.09550561797752809, 0.03636363636363636, 0.052083333333333336, 0.12844036697247707, 0.04281345565749235, 0.12, 0.1620795107033639, 0.125, 0.055944055944055944, 0.09090909090909091, 0.06766917293233082, 0.12195121951219512, 0.15730337078651685, 0.15503875968992248, 0.08391608391608392, 0.05755395683453238, 0.06422018348623854, 0.045871559633027525, 0.09278350515463918, 0.0989010989010989, 0.07555555555555556, 0.06116207951070336, 0.07033639143730887, 0.06802721088435375, 0.08064516129032258, 0.1162079510703364, 0.36085626911314983, 0.041474654377880185, 0.0, 0.0, 0.0, 0.0, 0.0, 0.0, 0.07777777777777778, 0.06666666666666667, 0.14444444444444443, 0.06666666666666667, 0.0, 0.0, 0.26666666666666666, 0.25555555555555554, 0.36666666666666664, 0.3333333333333333, 0.37777777777777777, 0.18888888888888888, 0.0, 0.044444444444444446, 0.023529411764705882, 0.12222222222222222, 0.17777777777777778, 0.06666666666666667, 0.13333333333333333, 0.26666666666666666, 0.011111111111111112, 0.4222222222222222, 0.2777777777777778, 0.13333333333333333, 0.011111111111111112, 0.1, 0.07777777777777778, 0.022222222222222223, 0.1282051282051282, 0.07777777777777778, 0.0, 0.06666666666666667, 0.3333333333333333, 0.14666666666666667, 0.03333333333333333, 0.1111111111111111, 0.022222222222222223, 0.23333333333333334, 0.14444444444444443, 0.07777777777777778, 0.06666666666666667, 0.32222222222222224, 0.0, 0.1, 0.022222222222222223, 0.05555555555555555, 0.0, 0.17777777777777778, 0.011111111111111112, 0.0, 0.0, 0.05555555555555555, 0.0, 0.011111111111111112, 0.4, 0.07777777777777778, 0.13333333333333333, 0.05555555555555555, 0.022222222222222223, 0.011111111111111112, 0.011111111111111112, 0.0, 0.16666666666666666, 0.13333333333333333, 0.15555555555555556, 0.0, 0.3333333333333333, 0.12359550561797752, 0.23333333333333334, 0.03333333333333333, 0.35555555555555557, 0.07777777777777778, 0.044444444444444446, 0.011111111111111112, 0.4444444444444444, 0.05555555555555555, 0.08888888888888889, 0.03333333333333333, 0.0, 0.0, 0.1111111111111111, 0.0, 0.23333333333333334, 0.0, 0.0, 0.0, 0.0, 0.0, 0.0, 0.0, 0.10526315789473684, 0.29473684210526313, 0.10526315789473684, 0.0, 0.06315789473684211, 0.23157894736842105, 0.12631578947368421, 0.07368421052631578, 0.0425531914893617, 0.10526315789473684, 0.09473684210526316, 0.08421052631578947, 0.22105263157894736, 0.03529411764705882, 0.25263157894736843, 0.25263157894736843, 0.14736842105263157, 0.04395604395604396, 0.1368421052631579, 0.11578947368421053, 0.10526315789473684, 0.2736842105263158, 0.10526315789473684, 0.0, 0.07777777777777778, 0.042105263157894736, 0.11578947368421053, 0.2692307692307692, 0.10526315789473684, 0.05084745762711865, 0.12631578947368421, 0.09473684210526316, 0.24, 0.14736842105263157, 0.25263157894736843, 0.1368421052631579, 0.15789473684210525, 0.23157894736842105, 0.3157894736842105, 0.0, 0.10526315789473684, 0.0, 0.3894736842105263, 0.08421052631578947, 0.05263157894736842, 0.031578947368421054, 0.12631578947368421, 0.021052631578947368, 0.10526315789473684, 0.0, 0.23157894736842105, 0.042105263157894736, 0.08421052631578947, 0.14736842105263157, 0.17894736842105263, 0.0, 0.0, 0.12631578947368421, 0.042105263157894736, 0.10526315789473684, 0.0, 0.15789473684210525, 0.16842105263157894, 0.11578947368421053, 0.09473684210526316, 0.15789473684210525, 0.4606741573033708, 0.17894736842105263, 0.042105263157894736, 0.042105263157894736, 0.07368421052631578, 0.15789473684210525, 0.16842105263157894, 0.054945054945054944, 0.09473684210526316, 0.12631578947368421, 0.14736842105263157, 0.031578947368421054, 0.0967741935483871, 0.21052631578947367, 0.08421052631578947, 0.05263157894736842, 0.0, 0.0, 0.0, 0.0, 0.0, 0.0, 0.0, 0.0, 0.1188118811881188, 0.07425742574257425, 0.017241379310344827, 0.09405940594059406, 0.12903225806451613, 0.061224489795918366, 0.054455445544554455, 0.05319148936170213, 0.09183673469387756, 0.06435643564356436, 0.04950495049504951, 0.12376237623762376, 0.0, 0.06930693069306931, 0.06086956521739131, 0.11386138613861387, 0.02197802197802198, 0.16831683168316833, 0.09405940594059406, 0.2698412698412698, 0.12371134020618557, 0.10833333333333334, 0.0, 0.011111111111111112, 0.1270718232044199, 0.054455445544554455, 0.15384615384615385, 0.1641025641025641, 0.06779661016949153, 0.07920792079207921, 0.12871287128712872, 0.08, 0.11494252873563218, 0.18316831683168316, 0.13861386138613863, 0.07920792079207921, 0.06, 0.09923664122137404, 0.05102040816326531, 0.04950495049504951, 0.0594059405940594, 0.09090909090909091, 0.034653465346534656, 0.15306122448979592, 0.0, 0.11386138613861387, 0.0297029702970297, 0.0913978494623656, 0.0, 0.11386138613861387, 0.039603960396039604, 0.0594059405940594, 0.0728476821192053, 0.19662921348314608, 0.06363636363636363, 0.0, 0.06435643564356436, 0.04455445544554455, 0.07920792079207921, 0.024752475247524754, 0.17647058823529413, 0.09900990099009901, 0.1717171717171717, 0.0891089108910891, 0.14634146341463414, 0.11235955056179775, 0.07751937984496124, 0.1258741258741259, 0.014388489208633094, 0.1485148514851485, 0.09900990099009901, 0.07216494845360824, 0.06593406593406594, 0.09405940594059406, 0.1188118811881188, 0.054455445544554455, 0.08843537414965986, 0.06451612903225806, 0.0594059405940594, 0.04455445544554455, 0.07425742574257425, 0.0, 0.0, 0.0, 0.0, 0.0, 0.0, 0.0, 0.0, 0.0, 0.1839080459770115, 0.0, 0.030201342281879196, 0.22580645161290322, 0.10884353741496598, 0.05392156862745098, 0.09574468085106383, 0.15306122448979592, 0.09646302250803858, 0.043373493975903614, 0.09163346613545817, 0.0, 0.07183908045977011, 0.14782608695652175, 0.05783132530120482, 0.04395604395604396, 0.12292358803986711, 0.10120481927710843, 0.18253968253968253, 0.26804123711340205, 0.1, 0.1174785100286533, 0.08888888888888889, 0.049723756906077346, 0.2936802973977695, 0.24358974358974358, 0.08205128205128205, 0.05084745762711865, 0.13012048192771083, 0.24752475247524752, 0.16, 0.1206896551724138, 0.09511568123393316, 0.13448275862068965, 0.196, 0.15, 0.1450381679389313, 0.02040816326530612, 0.05542168674698795, 0.03056768558951965, 0.1322314049586777, 0.056555269922879174, 0.07142857142857142, 0.0, 0.25120772946859904, 0.05783132530120482, 0.3118279569892473, 0.00847457627118644, 0.06506024096385542, 0.07213114754098361, 0.056291390728476824, 0.10596026490066225, 0.12921348314606743, 0.01818181818181818, 0.052083333333333336, 0.12154696132596685, 0.03439153439153439, 0.084, 0.17662337662337663, 0.13970588235294118, 0.11188811188811189, 0.1111111111111111, 0.04887218045112782, 0.12804878048780488, 0.29213483146067415, 0.20930232558139536, 0.027972027972027972, 0.18705035971223022, 0.08093994778067885, 0.06493506493506493, 0.0979381443298969, 0.10989010989010989, 0.08444444444444445, 0.05785123966942149, 0.05542168674698795, 0.061224489795918366, 0.06451612903225806, 0.11325301204819277, 0.2535211267605634, 0.06451612903225806, 0.0, 0.0, 0.0, 0.0, 0.0, 0.0, 0.0, 0.0, 0.0, 0.0, 0.0, 0.04697986577181208, 0.12096774193548387, 0.1360544217687075, 0.06862745098039216, 0.1595744680851064, 0.11224489795918367, 0.09003215434083602, 0.0603448275862069, 0.06772908366533864, 0.023529411764705882, 0.031609195402298854, 0.06086956521739131, 0.07758620689655173, 0.06593406593406594, 0.10631229235880399, 0.08620689655172414, 0.09523809523809523, 0.1134020618556701, 0.08333333333333333, 0.13505747126436782, 0.07777777777777778, 0.03314917127071823, 0.1821561338289963, 0.19230769230769232, 0.05641025641025641, 0.05084745762711865, 0.13793103448275862, 0.1485148514851485, 0.09333333333333334, 0.034482758620689655, 0.08045977011494253, 0.07586206896551724, 0.072, 0.13, 0.07633587786259542, 0.05102040816326531, 0.07758620689655173, 0.026200873362445413, 0.05785123966942149, 0.08620689655172414, 0.030612244897959183, 0.0, 0.11594202898550725, 0.07471264367816093, 0.25268817204301075, 0.06779661016949153, 0.07183908045977011, 0.09836065573770492, 0.039735099337748346, 0.10596026490066225, 0.0898876404494382, 0.10909090909090909, 0.07291666666666667, 0.4511494252873563, 0.05747126436781609, 0.064, 0.11781609195402298, 0.0661764705882353, 0.0944055944055944, 0.050505050505050504, 0.022556390977443608, 0.07926829268292683, 0.11235955056179775, 0.10077519379844961, 0.08391608391608392, 0.12949640287769784, 0.08045977011494253, 0.04885057471264368, 0.07216494845360824, 0.13186813186813187, 0.06666666666666667, 0.06896551724137931, 0.03735632183908046, 0.04081632653061224, 0.08064516129032258, 0.13793103448275862, 0.1235632183908046, 0.055299539170506916, 0.0, 0.0, 0.0, 0.0, 0.0, 0.0, 0.0, 0.0, 0.0, 0.0, 0.0, 0.02586206896551724, 0.008620689655172414, 0.0, 0.008620689655172414, 0.0, 0.01020408163265306, 0.0, 0.0, 0.008620689655172414, 0.0, 0.017241379310344827, 0.043478260869565216, 0.02586206896551724, 0.01098901098901099, 0.034482758620689655, 0.034482758620689655, 0.034482758620689655, 0.0, 0.008620689655172414, 0.008620689655172414, 0.05555555555555555, 0.017241379310344827, 0.0, 0.0, 0.06896551724137931, 0.11864406779661017, 0.0, 0.009900990099009901, 0.0, 0.017241379310344827, 0.08620689655172414, 0.008620689655172414, 0.0, 0.0, 0.0, 0.0, 0.0, 0.02586206896551724, 0.04310344827586207, 0.008620689655172414, 0.034482758620689655, 0.0, 0.008620689655172414, 0.017241379310344827, 0.0, 0.008620689655172414, 0.02586206896551724, 0.008620689655172414, 0.034482758620689655, 0.0, 0.02586206896551724, 0.0, 0.0, 0.0, 0.017241379310344827, 0.008620689655172414, 0.034482758620689655, 0.017241379310344827, 0.05172413793103448, 0.034482758620689655, 0.10344827586206896, 0.05172413793103448, 0.0, 0.0, 0.0, 0.0, 0.02586206896551724, 0.008620689655172414, 0.0, 0.0, 0.017241379310344827, 0.008620689655172414, 0.0, 0.017241379310344827, 0.0, 0.034482758620689655, 0.0, 0.008620689655172414, 0.0, 0.0, 0.0, 0.0, 0.0, 0.0, 0.0, 0.0, 0.0, 0.0, 0.0, 0.0, 0.04032258064516129, 0.05442176870748299, 0.08333333333333333, 0.05319148936170213, 0.02040816326530612, 0.053691275167785234, 0.030201342281879196, 0.05976095617529881, 0.023529411764705882, 0.020134228187919462, 0.017391304347826087, 0.2214765100671141, 0.07692307692307693, 0.12080536912751678, 0.04697986577181208, 0.24603174603174602, 0.020618556701030927, 0.016666666666666666, 0.030201342281879196, 0.0, 0.27071823204419887, 0.026022304832713755, 0.11538461538461539, 0.2358974358974359, 0.05084745762711865, 0.04697986577181208, 0.019801980198019802, 0.10666666666666667, 0.11494252873563218, 0.19798657718120805, 0.041379310344827586, 0.02, 0.045, 0.022900763358778626, 0.04081632653061224, 0.07046979865771812, 0.22707423580786026, 0.0743801652892562, 0.03355704697986577, 0.25, 0.006211180124223602, 0.033816425120772944, 0.040268456375838924, 0.03763440860215054, 0.0423728813559322, 0.18120805369127516, 0.020134228187919462, 0.21140939597315436, 0.0728476821192053, 0.16853932584269662, 0.045454545454545456, 0.010416666666666666, 0.09060402684563758, 0.2986577181208054, 0.108, 0.050335570469798654, 0.19117647058823528, 0.024475524475524476, 0.17676767676767677, 0.16917293233082706, 0.2073170731707317, 0.02247191011235955, 0.023255813953488372, 0.055944055944055944, 0.050359712230215826, 0.1644295302013423, 0.020134228187919462, 0.030927835051546393, 0.04395604395604396, 0.15555555555555556, 0.06711409395973154, 0.016778523489932886, 0.1360544217687075, 0.06451612903225806, 0.1040268456375839, 0.07718120805369127, 0.14285714285714285, 0.0, 0.0, 0.0, 0.0, 0.0, 0.0, 0.0, 0.0, 0.0, 0.0, 0.0, 0.0, 0.0, 0.28225806451612906, 0.12096774193548387, 0.2127659574468085, 0.25510204081632654, 0.1774193548387097, 0.0967741935483871, 0.08870967741935484, 0.023529411764705882, 0.25806451612903225, 0.09565217391304348, 0.08064516129032258, 0.18681318681318682, 0.25806451612903225, 0.13709677419354838, 0.22580645161290322, 0.32989690721649484, 0.2, 0.03225806451612903, 0.16666666666666666, 0.11290322580645161, 0.12903225806451613, 0.2948717948717949, 0.11290322580645161, 0.06779661016949153, 0.16129032258064516, 0.18811881188118812, 0.22666666666666666, 0.10483870967741936, 0.18548387096774194, 0.16129032258064516, 0.31451612903225806, 0.3709677419354839, 0.14516129032258066, 0.12244897959183673, 0.1693548387096774, 0.0, 0.08264462809917356, 0.11290322580645161, 0.14516129032258066, 0.008064516129032258, 0.3064516129032258, 0.04032258064516129, 0.10483870967741936, 0.0, 0.1774193548387097, 0.07258064516129033, 0.06451612903225806, 0.1774193548387097, 0.11290322580645161, 0.08181818181818182, 0.08333333333333333, 0.0967741935483871, 0.024193548387096774, 0.08064516129032258, 0.04032258064516129, 0.22580645161290322, 0.1693548387096774, 0.12096774193548387, 0.04838709677419355, 0.1532258064516129, 0.34831460674157305, 0.20161290322580644, 0.03225806451612903, 0.11290322580645161, 0.08064516129032258, 0.16129032258064516, 0.11290322580645161, 0.16483516483516483, 0.08870967741935484, 0.21774193548387097, 0.06451612903225806, 0.04838709677419355, 0.0967741935483871, 0.1774193548387097, 0.06451612903225806, 0.1693548387096774, 0.0, 0.0, 0.0, 0.0, 0.0, 0.0, 0.0, 0.0, 0.0, 0.0, 0.0, 0.0, 0.0, 0.0, 0.22448979591836735, 0.4574468085106383, 0.35714285714285715, 0.16326530612244897, 0.061224489795918366, 0.1360544217687075, 0.0, 0.21768707482993196, 0.24347826086956523, 0.10204081632653061, 0.1978021978021978, 0.23809523809523808, 0.06802721088435375, 0.24603174603174602, 0.25773195876288657, 0.23333333333333334, 0.02040816326530612, 0.15555555555555556, 0.1360544217687075, 0.05442176870748299, 0.2948717948717949, 0.16326530612244897, 0.05084745762711865, 0.06802721088435375, 0.31683168316831684, 0.13333333333333333, 0.10884353741496598, 0.14285714285714285, 0.10884353741496598, 0.1360544217687075, 0.25170068027210885, 0.08396946564885496, 0.3163265306122449, 0.1836734693877551, 0.0, 0.12396694214876033, 0.10884353741496598, 0.06802721088435375, 0.0, 0.2789115646258503, 0.013605442176870748, 0.061224489795918366, 0.01694915254237288, 0.09523809523809523, 0.02040816326530612, 0.10204081632653061, 0.20408163265306123, 0.061224489795918366, 0.39090909090909093, 0.0, 0.11564625850340136, 0.07482993197278912, 0.14285714285714285, 0.0, 0.1323529411764706, 0.20408163265306123, 0.1292517006802721, 0.02040816326530612, 0.1836734693877551, 0.21348314606741572, 0.2868217054263566, 0.20279720279720279, 0.20863309352517986, 0.06802721088435375, 0.06802721088435375, 0.2108843537414966, 0.4725274725274725, 0.04081632653061224, 0.19047619047619047, 0.1564625850340136, 0.04081632653061224, 0.04838709677419355, 0.12244897959183673, 0.05442176870748299, 0.1292517006802721, 0.0, 0.0, 0.0, 0.0, 0.0, 0.0, 0.0, 0.0, 0.0, 0.0, 0.0, 0.0, 0.0, 0.0, 0.0, 0.32978723404255317, 0.3673469387755102, 0.13725490196078433, 0.00980392156862745, 0.08333333333333333, 0.0, 0.07352941176470588, 0.09565217391304348, 0.20588235294117646, 0.15384615384615385, 0.13725490196078433, 0.05392156862745098, 0.35714285714285715, 0.25773195876288657, 0.14166666666666666, 0.0, 0.14444444444444443, 0.3149171270718232, 0.014705882352941176, 0.32051282051282054, 0.18974358974358974, 0.01694915254237288, 0.03431372549019608, 0.36633663366336633, 0.08, 0.2471264367816092, 0.1568627450980392, 0.10294117647058823, 0.09803921568627451, 0.135, 0.04580152671755725, 0.20408163265306123, 0.17647058823529413, 0.14215686274509803, 0.0743801652892562, 0.00980392156862745, 0.1989795918367347, 0.0, 0.10784313725490197, 0.00980392156862745, 0.005376344086021506, 0.00847457627118644, 0.19117647058823528, 0.0, 0.11274509803921569, 0.31125827814569534, 0.12359550561797752, 0.12727272727272726, 0.0, 0.049019607843137254, 0.10294117647058823, 0.04411764705882353, 0.0, 0.22794117647058823, 0.10784313725490197, 0.18181818181818182, 0.1568627450980392, 0.29878048780487804, 0.15730337078651685, 0.15503875968992248, 0.13286713286713286, 0.26618705035971224, 0.16176470588235295, 0.058823529411764705, 0.04639175257731959, 0.43956043956043955, 0.049019607843137254, 0.28921568627450983, 0.0196078431372549, 0.05442176870748299, 0.0, 0.11274509803921569, 0.024509803921568627, 0.35784313725490197, 0.0, 0.0, 0.0, 0.0, 0.0, 0.0, 0.0, 0.0, 0.0, 0.0, 0.0, 0.0, 0.0, 0.0, 0.0, 0.0, 0.3404255319148936, 0.23404255319148937, 0.031914893617021274, 0.19148936170212766, 0.0, 0.22340425531914893, 0.26595744680851063, 0.10638297872340426, 0.4175824175824176, 0.2127659574468085, 0.02127659574468085, 0.3191489361702128, 0.35106382978723405, 0.4574468085106383, 0.06382978723404255, 0.1111111111111111, 0.2553191489361702, 0.031914893617021274, 0.21794871794871795, 0.1702127659574468, 0.0, 0.07446808510638298, 0.26595744680851063, 0.08, 0.0425531914893617, 0.11702127659574468, 0.031914893617021274, 0.2765957446808511, 0.18085106382978725, 0.0425531914893617, 0.425531914893617, 0.22340425531914893, 0.0, 0.031914893617021274, 0.11702127659574468, 0.11702127659574468, 0.0, 0.3723404255319149, 0.06382978723404255, 0.010638297872340425, 0.02127659574468085, 0.06382978723404255, 0.0, 0.10638297872340426, 0.30851063829787234, 0.02127659574468085, 0.5851063829787234, 0.0, 0.09574468085106383, 0.0851063829787234, 0.07446808510638298, 0.0, 0.23404255319148937, 0.2127659574468085, 0.10638297872340426, 0.0, 0.23404255319148937, 0.1348314606741573, 0.2872340425531915, 0.2765957446808511, 0.30851063829787234, 0.0425531914893617, 0.11702127659574468, 0.32978723404255317, 0.7252747252747253, 0.0, 0.1702127659574468, 0.2127659574468085, 0.031914893617021274, 0.0, 0.1702127659574468, 0.0425531914893617, 0.30851063829787234, 0.0, 0.0, 0.0, 0.0, 0.0, 0.0, 0.0, 0.0, 0.0, 0.0, 0.0, 0.0, 0.0, 0.0, 0.0, 0.0, 0.0, 0.2653061224489796, 0.1326530612244898, 0.15306122448979592, 0.07058823529411765, 0.25510204081632654, 0.2857142857142857, 0.061224489795918366, 0.16483516483516483, 0.3163265306122449, 0.14285714285714285, 0.3673469387755102, 0.28865979381443296, 0.336734693877551, 0.11224489795918367, 0.12222222222222222, 0.09183673469387756, 0.08163265306122448, 0.2564102564102564, 0.14285714285714285, 0.06779661016949153, 0.1326530612244898, 0.5510204081632653, 0.21333333333333335, 0.12244897959183673, 0.17346938775510204, 0.09183673469387756, 0.3469387755102041, 0.21428571428571427, 0.09183673469387756, 0.16326530612244897, 0.40816326530612246, 0.0, 0.11224489795918367, 0.2653061224489796, 0.15306122448979592, 0.0, 0.3469387755102041, 0.16326530612244897, 0.061224489795918366, 0.0, 0.15306122448979592, 0.05102040816326531, 0.14285714285714285, 0.32653061224489793, 0.08163265306122448, 0.15306122448979592, 0.0, 0.08163265306122448, 0.0, 0.07142857142857142, 0.0, 0.24489795918367346, 0.3673469387755102, 0.30612244897959184, 0.08163265306122448, 0.40816326530612246, 0.20224719101123595, 0.37755102040816324, 0.1326530612244898, 0.32653061224489793, 0.08163265306122448, 0.14285714285714285, 0.14285714285714285, 0.45054945054945056, 0.07142857142857142, 0.1836734693877551, 0.23469387755102042, 0.030612244897959183, 0.08064516129032258, 0.21428571428571427, 0.07142857142857142, 0.24489795918367346, 0.0, 0.0, 0.0, 0.0, 0.0, 0.0, 0.0, 0.0, 0.0, 0.0, 0.0, 0.0, 0.0, 0.0, 0.0, 0.0, 0.0, 0.0, 0.04823151125401929, 0.07569721115537849, 0.023529411764705882, 0.06752411575562701, 0.06086956521739131, 0.1157556270096463, 0.0989010989010989, 0.0664451827242525, 0.04823151125401929, 0.18253968253968253, 0.2268041237113402, 0.15833333333333333, 0.12861736334405144, 0.13333333333333333, 0.06629834254143646, 0.08550185873605948, 0.3333333333333333, 0.09230769230769231, 0.03389830508474576, 0.08681672025723473, 0.22772277227722773, 0.12, 0.05172413793103448, 0.09003215434083602, 0.06896551724137931, 0.112, 0.185, 0.06870229007633588, 0.10204081632653061, 0.09003215434083602, 0.013100436681222707, 0.06611570247933884, 0.0932475884244373, 0.05102040816326531, 0.0, 0.16908212560386474, 0.03536977491961415, 0.12365591397849462, 0.05084745762711865, 0.06752411575562701, 0.022950819672131147, 0.10596026490066225, 0.18543046357615894, 0.033707865168539325, 0.06363636363636363, 0.09375, 0.0707395498392283, 0.05466237942122187, 0.1, 0.04180064308681672, 0.11764705882352941, 0.07692307692307693, 0.09090909090909091, 0.06015037593984962, 0.14634146341463414, 0.14606741573033707, 0.10852713178294573, 0.11188811188811189, 0.22302158273381295, 0.10289389067524116, 0.05787781350482315, 0.05670103092783505, 0.25274725274725274, 0.008888888888888889, 0.09646302250803858, 0.06109324758842444, 0.047619047619047616, 0.04838709677419355, 0.13183279742765272, 0.07395498392282958, 0.08755760368663594, 0.0, 0.0, 0.0, 0.0, 0.0, 0.0, 0.0, 0.0, 0.0, 0.0, 0.0, 0.0, 0.0, 0.0, 0.0, 0.0, 0.0, 0.0, 0.0, 0.04780876494023904, 0.023529411764705882, 0.020114942528735632, 0.10434782608695652, 0.03917050691244239, 0.0, 0.019933554817275746, 0.10572687224669604, 0.03968253968253968, 0.061855670103092786, 0.10833333333333334, 0.05157593123209169, 0.0, 0.011049723756906077, 0.07063197026022305, 0.11538461538461539, 0.03076923076923077, 0.05084745762711865, 0.07488986784140969, 0.16831683168316833, 0.06666666666666667, 0.034482758620689655, 0.05398457583547558, 0.04827586206896552, 0.1, 0.085, 0.0916030534351145, 0.061224489795918366, 0.03926096997690531, 0.013100436681222707, 0.0743801652892562, 0.07197943444730077, 0.07653061224489796, 0.037267080745341616, 0.13043478260869565, 0.06666666666666667, 0.0967741935483871, 0.059322033898305086, 0.0407673860911271, 0.04918032786885246, 0.026490066225165563, 0.046357615894039736, 0.0449438202247191, 0.02727272727272727, 0.0625, 0.058011049723756904, 0.013227513227513227, 0.06, 0.023376623376623377, 0.11764705882352941, 0.03496503496503497, 0.050505050505050504, 0.015037593984962405, 0.07926829268292683, 0.0898876404494382, 0.11627906976744186, 0.055944055944055944, 0.007194244604316547, 0.03655352480417755, 0.046753246753246755, 0.04639175257731959, 0.03296703296703297, 0.035555555555555556, 0.030303030303030304, 0.04176334106728538, 0.034013605442176874, 0.11290322580645161, 0.08149779735682819, 0.04507042253521127, 0.03686635944700461, 0.0, 0.0, 0.0, 0.0, 0.0, 0.0, 0.0, 0.0, 0.0, 0.0, 0.0, 0.0, 0.0, 0.0, 0.0, 0.0, 0.0, 0.0, 0.0, 0.0, 0.0, 0.055776892430278883, 0.1826086956521739, 0.08366533864541832, 0.14285714285714285, 0.05976095617529881, 0.09163346613545817, 0.10317460317460317, 0.26804123711340205, 0.16666666666666666, 0.027888446215139442, 0.011111111111111112, 0.09392265193370165, 0.10756972111553785, 0.41025641025641024, 0.08717948717948718, 0.06779661016949153, 0.06374501992031872, 0.12871287128712872, 0.08, 0.08045977011494253, 0.099601593625498, 0.0398406374501992, 0.064, 0.125, 0.13740458015267176, 0.20408163265306123, 0.05976095617529881, 0.0, 0.17355371900826447, 0.07171314741035857, 0.04081632653061224, 0.0, 0.17391304347826086, 0.0199203187250996, 0.06451612903225806, 0.00847457627118644, 0.06772908366533864, 0.05179282868525897, 0.09163346613545817, 0.11920529801324503, 0.06741573033707865, 0.14545454545454545, 0.010416666666666666, 0.07569721115537849, 0.06374501992031872, 0.08, 0.027888446215139442, 0.08823529411764706, 0.1593625498007968, 0.06565656565656566, 0.03187250996015936, 0.06097560975609756, 0.1797752808988764, 0.15503875968992248, 0.1958041958041958, 0.050359712230215826, 0.043824701195219126, 0.055776892430278883, 0.10824742268041238, 0.23076923076923078, 0.03111111111111111, 0.06772908366533864, 0.099601593625498, 0.02040816326530612, 0.06451612903225806, 0.11553784860557768, 0.07171314741035857, 0.013824884792626729, 0.0, 0.0, 0.0, 0.0, 0.0, 0.0, 0.0, 0.0, 0.0, 0.0, 0.0, 0.0, 0.0, 0.0, 0.0, 0.0, 0.0, 0.0, 0.0, 0.0, 0.0, 0.0, 0.0, 0.058823529411764705, 0.09411764705882353, 0.023529411764705882, 0.07058823529411765, 0.0, 0.0, 0.0, 0.047058823529411764, 0.0, 0.0, 0.0, 0.07692307692307693, 0.0, 0.0, 0.03529411764705882, 0.0, 0.10666666666666667, 0.0, 0.047058823529411764, 0.0, 0.03529411764705882, 0.023529411764705882, 0.0, 0.0, 0.0, 0.0, 0.023529411764705882, 0.011764705882352941, 0.0, 0.0, 0.011764705882352941, 0.07058823529411765, 0.011764705882352941, 0.0, 0.03529411764705882, 0.0, 0.0, 0.023529411764705882, 0.0, 0.0, 0.07058823529411765, 0.011764705882352941, 0.03529411764705882, 0.011764705882352941, 0.0, 0.058823529411764705, 0.0, 0.0, 0.0, 0.023529411764705882, 0.0, 0.023529411764705882, 0.011764705882352941, 0.0, 0.058823529411764705, 0.03529411764705882, 0.0, 0.0, 0.0, 0.0, 0.0, 0.011764705882352941, 0.04838709677419355, 0.03529411764705882, 0.0, 0.0, 0.0, 0.0, 0.0, 0.0, 0.0, 0.0, 0.0, 0.0, 0.0, 0.0, 0.0, 0.0, 0.0, 0.0, 0.0, 0.0, 0.0, 0.0, 0.0, 0.0, 0.0, 0.0, 0.19130434782608696, 0.031609195402298854, 0.0989010989010989, 0.06312292358803986, 0.03735632183908046, 0.20634920634920634, 0.23711340206185566, 0.18333333333333332, 0.022988505747126436, 0.16666666666666666, 0.03867403314917127, 0.06319702602230483, 0.23076923076923078, 0.11282051282051282, 0.05084745762711865, 0.06321839080459771, 0.33663366336633666, 0.18666666666666668, 0.10919540229885058, 0.08620689655172414, 0.04827586206896552, 0.092, 0.115, 0.11450381679389313, 0.12244897959183673, 0.06321839080459771, 0.03056768558951965, 0.09917355371900827, 0.07471264367816093, 0.0663265306122449, 0.006211180124223602, 0.12560386473429952, 0.0028735632183908046, 0.06451612903225806, 0.0, 0.07471264367816093, 0.02622950819672131, 0.03642384105960265, 0.16556291390728478, 0.09550561797752809, 0.10909090909090909, 0.0, 0.03735632183908046, 0.020114942528735632, 0.04, 0.008620689655172414, 0.1323529411764706, 0.10139860139860139, 0.12121212121212122, 0.04887218045112782, 0.14634146341463414, 0.2696629213483146, 0.2248062015503876, 0.055944055944055944, 0.09352517985611511, 0.05172413793103448, 0.04885057471264368, 0.15979381443298968, 0.23076923076923078, 0.05333333333333334, 0.04310344827586207, 0.05459770114942529, 0.04081632653061224, 0.11290322580645161, 0.05172413793103448, 0.020114942528735632, 0.09216589861751152, 0.0, 0.0, 0.0, 0.0, 0.0, 0.0, 0.0, 0.0, 0.0, 0.0, 0.0, 0.0, 0.0, 0.0, 0.0, 0.0, 0.0, 0.0, 0.0, 0.0, 0.0, 0.0, 0.0, 0.034782608695652174, 0.15384615384615385, 0.13043478260869565, 0.08695652173913043, 0.13043478260869565, 0.16494845360824742, 0.1565217391304348, 0.034782608695652174, 0.13333333333333333, 0.008695652173913044, 0.06086956521739131, 0.16666666666666666, 0.06956521739130435, 0.05084745762711865, 0.12173913043478261, 0.19801980198019803, 0.12, 0.10434782608695652, 0.1826086956521739, 0.12173913043478261, 0.10434782608695652, 0.13043478260869565, 0.2608695652173913, 0.15306122448979592, 0.16521739130434782, 0.0, 0.23478260869565218, 0.13043478260869565, 0.043478260869565216, 0.0, 0.19130434782608696, 0.043478260869565216, 0.09565217391304348, 0.0, 0.1391304347826087, 0.06956521739130435, 0.05217391304347826, 0.10434782608695652, 0.06956521739130435, 0.2, 0.0, 0.06086956521739131, 0.008695652173913044, 0.06956521739130435, 0.02608695652173913, 0.05217391304347826, 0.22608695652173913, 0.10434782608695652, 0.034782608695652174, 0.13043478260869565, 0.38202247191011235, 0.3826086956521739, 0.14782608695652175, 0.08695652173913043, 0.034782608695652174, 0.0782608695652174, 0.21739130434782608, 0.3516483516483517, 0.0782608695652174, 0.08695652173913043, 0.3391304347826087, 0.06086956521739131, 0.11290322580645161, 0.10434782608695652, 0.06956521739130435, 0.05217391304347826, 0.0, 0.0, 0.0, 0.0, 0.0, 0.0, 0.0, 0.0, 0.0, 0.0, 0.0, 0.0, 0.0, 0.0, 0.0, 0.0, 0.0, 0.0, 0.0, 0.0, 0.0, 0.0, 0.0, 0.0, 0.08791208791208792, 0.07973421926910298, 0.05069124423963134, 0.2777777777777778, 0.08247422680412371, 0.041666666666666664, 0.02865329512893983, 0.011111111111111112, 0.32044198895027626, 0.10408921933085502, 0.21794871794871795, 0.24615384615384617, 0.03389830508474576, 0.04377880184331797, 0.0594059405940594, 0.06666666666666667, 0.1781609195402299, 0.19023136246786632, 0.07586206896551724, 0.068, 0.105, 0.05343511450381679, 0.10204081632653061, 0.06004618937644342, 0.22270742358078602, 0.05785123966942149, 0.05141388174807198, 0.20408163265306123, 0.006211180124223602, 0.0966183574879227, 0.02142857142857143, 0.10752688172043011, 0.05084745762711865, 0.18225419664268586, 0.029508196721311476, 0.1456953642384106, 0.08609271523178808, 0.23595505617977527, 0.05454545454545454, 0.052083333333333336, 0.07458563535911603, 0.08994708994708994, 0.152, 0.05714285714285714, 0.2647058823529412, 0.06293706293706294, 0.19696969696969696, 0.22556390977443608, 0.3170731707317073, 0.07865168539325842, 0.031007751937984496, 0.11188811188811189, 0.08633093525179857, 0.185378590078329, 0.04155844155844156, 0.05154639175257732, 0.0989010989010989, 0.07555555555555556, 0.09366391184573003, 0.016241299303944315, 0.1292517006802721, 0.06451612903225806, 0.08294930875576037, 0.05352112676056338, 0.17050691244239632, 0.0, 0.0, 0.0, 0.0, 0.0, 0.0, 0.0, 0.0, 0.0, 0.0, 0.0, 0.0, 0.0, 0.0, 0.0, 0.0, 0.0, 0.0, 0.0, 0.0, 0.0, 0.0, 0.0, 0.0, 0.0, 0.12087912087912088, 0.02197802197802198, 0.08791208791208792, 0.16483516483516483, 0.18681318681318682, 0.01098901098901099, 0.03333333333333333, 0.4175824175824176, 0.01098901098901099, 0.21794871794871795, 0.24175824175824176, 0.01694915254237288, 0.03296703296703297, 0.07692307692307693, 0.21333333333333335, 0.02197802197802198, 0.07692307692307693, 0.01098901098901099, 0.1978021978021978, 0.12087912087912088, 0.02197802197802198, 0.34065934065934067, 0.07692307692307693, 0.0, 0.03296703296703297, 0.0, 0.27472527472527475, 0.0, 0.24175824175824176, 0.01098901098901099, 0.01098901098901099, 0.01098901098901099, 0.02197802197802198, 0.0, 0.10989010989010989, 0.16483516483516483, 0.02197802197802198, 0.34065934065934067, 0.0, 0.08791208791208792, 0.07692307692307693, 0.06593406593406594, 0.0, 0.2087912087912088, 0.08791208791208792, 0.17582417582417584, 0.01098901098901099, 0.10989010989010989, 0.07865168539325842, 0.17582417582417584, 0.0989010989010989, 0.15384615384615385, 0.02197802197802198, 0.06593406593406594, 0.14285714285714285, 0.24175824175824176, 0.01098901098901099, 0.12087912087912088, 0.10989010989010989, 0.03296703296703297, 0.0, 0.13186813186813187, 0.04395604395604396, 0.15384615384615385, 0.0, 0.0, 0.0, 0.0, 0.0, 0.0, 0.0, 0.0, 0.0, 0.0, 0.0, 0.0, 0.0, 0.0, 0.0, 0.0, 0.0, 0.0, 0.0, 0.0, 0.0, 0.0, 0.0, 0.0, 0.0, 0.0, 0.059800664451827246, 0.42063492063492064, 0.23711340206185566, 0.15, 0.036544850498338874, 0.1111111111111111, 0.13812154696132597, 0.055762081784386616, 0.20512820512820512, 0.14358974358974358, 0.0847457627118644, 0.08305647840531562, 0.26732673267326734, 0.18666666666666668, 0.08045977011494253, 0.1893687707641196, 0.10689655172413794, 0.116, 0.12, 0.0916030534351145, 0.05102040816326531, 0.11960132890365449, 0.07423580786026202, 0.11570247933884298, 0.0664451827242525, 0.15306122448979592, 0.0, 0.13526570048309178, 0.029900332225913623, 0.0967741935483871, 0.00847457627118644, 0.10631229235880399, 0.03986710963455149, 0.036544850498338874, 0.1986754966887417, 0.19101123595505617, 0.08181818181818182, 0.0, 0.06312292358803986, 0.026578073089700997, 0.052, 0.05647840531561462, 0.27941176470588236, 0.1048951048951049, 0.1919191919191919, 0.10526315789473684, 0.2926829268292683, 0.19101123595505617, 0.24806201550387597, 0.0979020979020979, 0.22302158273381295, 0.132890365448505, 0.053156146179401995, 0.11855670103092783, 0.25274725274725274, 0.13777777777777778, 0.10631229235880399, 0.04983388704318937, 0.1360544217687075, 0.08064516129032258, 0.0664451827242525, 0.03986710963455149, 0.1382488479262673, 0.0, 0.0, 0.0, 0.0, 0.0, 0.0, 0.0, 0.0, 0.0, 0.0, 0.0, 0.0, 0.0, 0.0, 0.0, 0.0, 0.0, 0.0, 0.0, 0.0, 0.0, 0.0, 0.0, 0.0, 0.0, 0.0, 0.0, 0.11904761904761904, 0.1134020618556701, 0.09166666666666666, 0.04297994269340974, 0.011111111111111112, 0.07734806629834254, 0.15985130111524162, 0.19230769230769232, 0.13333333333333333, 0.0847457627118644, 0.07494646680942184, 0.1485148514851485, 0.08, 0.14367816091954022, 0.11825192802056556, 0.1103448275862069, 0.096, 0.1, 0.08396946564885496, 0.02040816326530612, 0.06697459584295612, 0.026200873362445413, 0.09090909090909091, 0.04884318766066838, 0.10714285714285714, 0.0, 0.17391304347826086, 0.03571428571428571, 0.13440860215053763, 0.00847457627118644, 0.10071942446043165, 0.08852459016393442, 0.0728476821192053, 0.059602649006622516, 0.1404494382022472, 0.0, 0.10416666666666667, 0.08011049723756906, 0.0291005291005291, 0.06, 0.04155844155844156, 0.20588235294117646, 0.09090909090909091, 0.19696969696969696, 0.10902255639097744, 0.12195121951219512, 0.15730337078651685, 0.13953488372093023, 0.027972027972027972, 0.02877697841726619, 0.06788511749347259, 0.05714285714285714, 0.07731958762886598, 0.02197802197802198, 0.057777777777777775, 0.07988980716253444, 0.03248259860788863, 0.10204081632653061, 0.0967741935483871, 0.09766454352441614, 0.059154929577464786, 0.03686635944700461, 0.0, 0.0, 0.0, 0.0, 0.0, 0.0, 0.0, 0.0, 0.0, 0.0, 0.0, 0.0, 0.0, 0.0, 0.0, 0.0, 0.0, 0.0, 0.0, 0.0, 0.0, 0.0, 0.0, 0.0, 0.0, 0.0, 0.0, 0.0, 0.3402061855670103, 0.225, 0.0, 0.1111111111111111, 0.24603174603174602, 0.10317460317460317, 0.20512820512820512, 0.36507936507936506, 0.06779661016949153, 0.10317460317460317, 0.40594059405940597, 0.14666666666666667, 0.12698412698412698, 0.4444444444444444, 0.15079365079365079, 0.20634920634920634, 0.1349206349206349, 0.07142857142857142, 0.12244897959183673, 0.3492063492063492, 0.16666666666666666, 0.11570247933884298, 0.05555555555555555, 0.29365079365079366, 0.0, 0.1984126984126984, 0.015873015873015872, 0.06349206349206349, 0.0, 0.23015873015873015, 0.031746031746031744, 0.15079365079365079, 0.2619047619047619, 0.373015873015873, 0.07272727272727272, 0.010416666666666666, 0.07936507936507936, 0.06349206349206349, 0.05555555555555555, 0.0, 0.3888888888888889, 0.14285714285714285, 0.40476190476190477, 0.2619047619047619, 0.5793650793650794, 0.19101123595505617, 0.23015873015873015, 0.05555555555555555, 0.25396825396825395, 0.2857142857142857, 0.1111111111111111, 0.12698412698412698, 0.42857142857142855, 0.23809523809523808, 0.21428571428571427, 0.05555555555555555, 0.1349206349206349, 0.04838709677419355, 0.14285714285714285, 0.03968253968253968, 0.36507936507936506, 0.0, 0.0, 0.0, 0.0, 0.0, 0.0, 0.0, 0.0, 0.0, 0.0, 0.0, 0.0, 0.0, 0.0, 0.0, 0.0, 0.0, 0.0, 0.0, 0.0, 0.0, 0.0, 0.0, 0.0, 0.0, 0.0, 0.0, 0.0, 0.0, 0.2268041237113402, 0.010309278350515464, 0.15555555555555556, 0.18556701030927836, 0.18556701030927836, 0.32051282051282054, 0.18556701030927836, 0.05084745762711865, 0.1958762886597938, 0.3402061855670103, 0.14666666666666667, 0.15463917525773196, 0.28865979381443296, 0.1134020618556701, 0.3711340206185567, 0.23711340206185566, 0.21649484536082475, 0.13402061855670103, 0.28865979381443296, 0.0, 0.26804123711340205, 0.08247422680412371, 0.16494845360824742, 0.0, 0.30927835051546393, 0.020618556701030927, 0.13402061855670103, 0.0, 0.1958762886597938, 0.041237113402061855, 0.09278350515463918, 0.31958762886597936, 0.10309278350515463, 0.1134020618556701, 0.0, 0.10309278350515463, 0.05154639175257732, 0.10309278350515463, 0.0, 0.30927835051546393, 0.25773195876288657, 0.20618556701030927, 0.05154639175257732, 0.31958762886597936, 0.3258426966292135, 0.1958762886597938, 0.08247422680412371, 0.23711340206185566, 0.09278350515463918, 0.15463917525773196, 0.08247422680412371, 0.27472527472527475, 0.061855670103092786, 0.16494845360824742, 0.12371134020618557, 0.061855670103092786, 0.06451612903225806, 0.20618556701030927, 0.08247422680412371, 0.3402061855670103, 0.0, 0.0, 0.0, 0.0, 0.0, 0.0, 0.0, 0.0, 0.0, 0.0, 0.0, 0.0, 0.0, 0.0, 0.0, 0.0, 0.0, 0.0, 0.0, 0.0, 0.0, 0.0, 0.0, 0.0, 0.0, 0.0, 0.0, 0.0, 0.0, 0.0, 0.08333333333333333, 0.1, 0.11666666666666667, 0.041666666666666664, 0.2564102564102564, 0.08333333333333333, 0.06779661016949153, 0.075, 0.2871287128712871, 0.16, 0.06666666666666667, 0.15833333333333333, 0.075, 0.20833333333333334, 0.13333333333333333, 0.08333333333333333, 0.2857142857142857, 0.18333333333333332, 0.0, 0.041666666666666664, 0.10833333333333334, 0.18333333333333332, 0.0, 0.375, 0.058333333333333334, 0.041666666666666664, 0.0, 0.075, 0.025, 0.1, 0.1, 0.075, 0.24545454545454545, 0.0, 0.041666666666666664, 0.008333333333333333, 0.041666666666666664, 0.008333333333333333, 0.175, 0.2, 0.14166666666666666, 0.03333333333333333, 0.19166666666666668, 0.20224719101123595, 0.275, 0.16666666666666666, 0.1, 0.058333333333333334, 0.11666666666666667, 0.19166666666666668, 0.3626373626373626, 0.03333333333333333, 0.13333333333333333, 0.2, 0.041666666666666664, 0.08064516129032258, 0.10833333333333334, 0.025, 0.15, 0.0, 0.0, 0.0, 0.0, 0.0, 0.0, 0.0, 0.0, 0.0, 0.0, 0.0, 0.0, 0.0, 0.0, 0.0, 0.0, 0.0, 0.0, 0.0, 0.0, 0.0, 0.0, 0.0, 0.0, 0.0, 0.0, 0.0, 0.0, 0.0, 0.0, 0.0, 0.011111111111111112, 0.0055248618784530384, 0.07063197026022305, 0.01282051282051282, 0.0, 0.03389830508474576, 0.06303724928366762, 0.019801980198019802, 0.0, 0.005747126436781609, 0.04297994269340974, 0.034482758620689655, 0.048, 0.025, 0.015267175572519083, 0.030612244897959183, 0.011461318051575931, 0.10480349344978165, 0.008264462809917356, 0.06017191977077364, 0.025510204081632654, 0.0, 0.14009661835748793, 0.1346704871060172, 0.10215053763440861, 0.11864406779661017, 0.022922636103151862, 0.03934426229508197, 0.026490066225165563, 0.0, 0.0, 0.03636363636363636, 0.09375, 0.11461318051575932, 0.022922636103151862, 0.02, 0.12893982808022922, 0.014705882352941176, 0.07342657342657342, 0.020202020202020204, 0.05263157894736842, 0.012195121951219513, 0.0, 0.031007751937984496, 0.013986013986013986, 0.007194244604316547, 0.054441260744985676, 0.008595988538681949, 0.03608247422680412, 0.06593406593406594, 0.017777777777777778, 0.0057306590257879654, 0.04871060171919771, 0.061224489795918366, 0.04838709677419355, 0.04297994269340974, 0.14326647564469913, 0.02304147465437788, 0.0, 0.0, 0.0, 0.0, 0.0, 0.0, 0.0, 0.0, 0.0, 0.0, 0.0, 0.0, 0.0, 0.0, 0.0, 0.0, 0.0, 0.0, 0.0, 0.0, 0.0, 0.0, 0.0, 0.0, 0.0, 0.0, 0.0, 0.0, 0.0, 0.0, 0.0, 0.0, 0.06666666666666667, 0.011111111111111112, 0.1282051282051282, 0.06666666666666667, 0.0, 0.06666666666666667, 0.15555555555555556, 0.08, 0.06666666666666667, 0.13333333333333333, 0.03333333333333333, 0.13333333333333333, 0.13333333333333333, 0.03333333333333333, 0.022222222222222223, 0.1111111111111111, 0.0, 0.07777777777777778, 0.011111111111111112, 0.022222222222222223, 0.0, 0.18888888888888888, 0.03333333333333333, 0.03333333333333333, 0.0, 0.12222222222222222, 0.08888888888888889, 0.03333333333333333, 0.13333333333333333, 0.011111111111111112, 0.07777777777777778, 0.0, 0.06666666666666667, 0.011111111111111112, 0.011111111111111112, 0.011111111111111112, 0.05555555555555555, 0.18888888888888888, 0.03333333333333333, 0.0, 0.1111111111111111, 0.0898876404494382, 0.1111111111111111, 0.06666666666666667, 0.1111111111111111, 0.044444444444444446, 0.044444444444444446, 0.03333333333333333, 0.1111111111111111, 0.0, 0.08888888888888889, 0.022222222222222223, 0.0, 0.0, 0.05555555555555555, 0.0, 0.1, 0.0, 0.0, 0.0, 0.0, 0.0, 0.0, 0.0, 0.0, 0.0, 0.0, 0.0, 0.0, 0.0, 0.0, 0.0, 0.0, 0.0, 0.0, 0.0, 0.0, 0.0, 0.0, 0.0, 0.0, 0.0, 0.0, 0.0, 0.0, 0.0, 0.0, 0.0, 0.0, 0.0, 0.011049723756906077, 0.3076923076923077, 0.3812154696132597, 0.03389830508474576, 0.016574585635359115, 0.1188118811881188, 0.10666666666666667, 0.28735632183908044, 0.2430939226519337, 0.04419889502762431, 0.11049723756906077, 0.08839779005524862, 0.030534351145038167, 0.37755102040816324, 0.07734806629834254, 0.17679558011049723, 0.03305785123966942, 0.0, 0.4088397790055249, 0.006211180124223602, 0.16574585635359115, 0.011049723756906077, 0.0055248618784530384, 0.00847457627118644, 0.2596685082872928, 0.0, 0.281767955801105, 0.10596026490066225, 0.25842696629213485, 0.16363636363636364, 0.010416666666666666, 0.06629834254143646, 0.2596685082872928, 0.10497237569060773, 0.016574585635359115, 0.3602941176470588, 0.0718232044198895, 0.3259668508287293, 0.16574585635359115, 0.1951219512195122, 0.10112359550561797, 0.05426356589147287, 0.0979020979020979, 0.11510791366906475, 0.20441988950276244, 0.027624309392265192, 0.055248618784530384, 0.16483516483516483, 0.19337016574585636, 0.20441988950276244, 0.016574585635359115, 0.1292517006802721, 0.0, 0.11049723756906077, 0.03867403314917127, 0.26519337016574585, 0.0, 0.0, 0.0, 0.0, 0.0, 0.0, 0.0, 0.0, 0.0, 0.0, 0.0, 0.0, 0.0, 0.0, 0.0, 0.0, 0.0, 0.0, 0.0, 0.0, 0.0, 0.0, 0.0, 0.0, 0.0, 0.0, 0.0, 0.0, 0.0, 0.0, 0.0, 0.0, 0.0, 0.0, 0.10256410256410256, 0.05641025641025641, 0.05084745762711865, 0.25650557620817843, 0.15841584158415842, 0.09333333333333334, 0.06896551724137931, 0.11524163568773234, 0.09665427509293681, 0.124, 0.075, 0.06870229007633588, 0.0, 0.09293680297397769, 0.008733624454148471, 0.08264462809917356, 0.09293680297397769, 0.04081632653061224, 0.006211180124223602, 0.15458937198067632, 0.09293680297397769, 0.3709677419354839, 0.0423728813559322, 0.09665427509293681, 0.09293680297397769, 0.022304832713754646, 0.039735099337748346, 0.10674157303370786, 0.0, 0.07291666666666667, 0.1524163568773234, 0.01486988847583643, 0.048, 0.09665427509293681, 0.11029411764705882, 0.09665427509293681, 0.08080808080808081, 0.04887218045112782, 0.09146341463414634, 0.0898876404494382, 0.06976744186046512, 0.027972027972027972, 0.07913669064748201, 0.10408921933085502, 0.06691449814126393, 0.061855670103092786, 0.06593406593406594, 0.04, 0.04460966542750929, 0.03345724907063197, 0.08843537414965986, 0.06451612903225806, 0.137546468401487, 0.10780669144981413, 0.03225806451612903, 0.0, 0.0, 0.0, 0.0, 0.0, 0.0, 0.0, 0.0, 0.0, 0.0, 0.0, 0.0, 0.0, 0.0, 0.0, 0.0, 0.0, 0.0, 0.0, 0.0, 0.0, 0.0, 0.0, 0.0, 0.0, 0.0, 0.0, 0.0, 0.0, 0.0, 0.0, 0.0, 0.0, 0.0, 0.0, 0.21794871794871795, 0.05084745762711865, 0.19230769230769232, 0.21794871794871795, 0.2, 0.16666666666666666, 0.5384615384615384, 0.1282051282051282, 0.2564102564102564, 0.41025641025641024, 0.3076923076923077, 0.20512820512820512, 0.23076923076923078, 0.0, 0.23076923076923078, 0.0641025641025641, 0.15384615384615385, 0.0, 0.32051282051282054, 0.038461538461538464, 0.10256410256410256, 0.02564102564102564, 0.19230769230769232, 0.05128205128205128, 0.23076923076923078, 0.2564102564102564, 0.1282051282051282, 0.08974358974358974, 0.08974358974358974, 0.15384615384615385, 0.14102564102564102, 0.19230769230769232, 0.0, 0.21794871794871795, 0.28205128205128205, 0.16666666666666666, 0.0641025641025641, 0.24358974358974358, 0.34615384615384615, 0.23076923076923078, 0.19230769230769232, 0.20512820512820512, 0.20512820512820512, 0.23076923076923078, 0.15384615384615385, 0.21794871794871795, 0.05128205128205128, 0.2948717948717949, 0.14102564102564102, 0.038461538461538464, 0.06451612903225806, 0.28205128205128205, 0.11538461538461539, 0.15384615384615385, 0.0, 0.0, 0.0, 0.0, 0.0, 0.0, 0.0, 0.0, 0.0, 0.0, 0.0, 0.0, 0.0, 0.0, 0.0, 0.0, 0.0, 0.0, 0.0, 0.0, 0.0, 0.0, 0.0, 0.0, 0.0, 0.0, 0.0, 0.0, 0.0, 0.0, 0.0, 0.0, 0.0, 0.0, 0.0, 0.0, 0.0847457627118644, 0.06153846153846154, 0.1782178217821782, 0.17333333333333334, 0.26436781609195403, 0.2564102564102564, 0.06666666666666667, 0.06153846153846154, 0.08717948717948718, 0.07633587786259542, 0.17346938775510204, 0.1076923076923077, 0.1794871794871795, 0.11570247933884298, 0.046153846153846156, 0.3333333333333333, 0.006211180124223602, 0.08205128205128205, 0.010256410256410256, 0.043010752688172046, 0.00847457627118644, 0.18461538461538463, 0.020512820512820513, 0.16923076923076924, 0.11258278145695365, 0.25842696629213485, 0.11818181818181818, 0.0, 0.07692307692307693, 0.12307692307692308, 0.10256410256410256, 0.020512820512820513, 0.27205882352941174, 0.06153846153846154, 0.6461538461538462, 0.2358974358974359, 0.23780487804878048, 0.14606741573033707, 0.13953488372093023, 0.06293706293706294, 0.14388489208633093, 0.18974358974358974, 0.06153846153846154, 0.1134020618556701, 0.15384615384615385, 0.15384615384615385, 0.18974358974358974, 0.035897435897435895, 0.10204081632653061, 0.06451612903225806, 0.13846153846153847, 0.05641025641025641, 0.2153846153846154, 0.0, 0.0, 0.0, 0.0, 0.0, 0.0, 0.0, 0.0, 0.0, 0.0, 0.0, 0.0, 0.0, 0.0, 0.0, 0.0, 0.0, 0.0, 0.0, 0.0, 0.0, 0.0, 0.0, 0.0, 0.0, 0.0, 0.0, 0.0, 0.0, 0.0, 0.0, 0.0, 0.0, 0.0, 0.0, 0.0, 0.0, 0.06779661016949153, 0.06779661016949153, 0.05084745762711865, 0.0847457627118644, 0.0847457627118644, 0.05084745762711865, 0.05084745762711865, 0.1016949152542373, 0.05084745762711865, 0.0, 0.05084745762711865, 0.01694915254237288, 0.06779661016949153, 0.0847457627118644, 0.1016949152542373, 0.0, 0.06779661016949153, 0.03389830508474576, 0.05084745762711865, 0.0, 0.1016949152542373, 0.06779661016949153, 0.06779661016949153, 0.0, 0.0847457627118644, 0.0, 0.0, 0.05084745762711865, 0.0, 0.05084745762711865, 0.03389830508474576, 0.06779661016949153, 0.06779661016949153, 0.0847457627118644, 0.1016949152542373, 0.0847457627118644, 0.05084745762711865, 0.05084745762711865, 0.0, 0.0, 0.1016949152542373, 0.06779661016949153, 0.05084745762711865, 0.0, 0.1016949152542373, 0.11864406779661017, 0.06779661016949153, 0.1016949152542373, 0.06779661016949153, 0.0847457627118644, 0.06779661016949153, 0.03389830508474576, 0.0, 0.0, 0.0, 0.0, 0.0, 0.0, 0.0, 0.0, 0.0, 0.0, 0.0, 0.0, 0.0, 0.0, 0.0, 0.0, 0.0, 0.0, 0.0, 0.0, 0.0, 0.0, 0.0, 0.0, 0.0, 0.0, 0.0, 0.0, 0.0, 0.0, 0.0, 0.0, 0.0, 0.0, 0.0, 0.0, 0.0, 0.0, 0.2079207920792079, 0.13333333333333333, 0.06896551724137931, 0.12082262210796915, 0.05517241379310345, 0.116, 0.11, 0.13740458015267176, 0.02040816326530612, 0.09930715935334873, 0.043668122270742356, 0.15702479338842976, 0.07969151670951156, 0.05612244897959184, 0.006211180124223602, 0.178743961352657, 0.05714285714285714, 0.1935483870967742, 0.025423728813559324, 0.11270983213429256, 0.1180327868852459, 0.016556291390728478, 0.059602649006622516, 0.056179775280898875, 0.01818181818181818, 0.07291666666666667, 0.08839779005524862, 0.026455026455026454, 0.072, 0.07792207792207792, 0.16176470588235295, 0.16083916083916083, 0.07575757575757576, 0.05639097744360902, 0.09146341463414634, 0.1797752808988764, 0.12403100775193798, 0.055944055944055944, 0.07194244604316546, 0.10182767624020887, 0.08311688311688312, 0.04639175257731959, 0.07692307692307693, 0.03111111111111111, 0.05234159779614325, 0.060324825986078884, 0.08843537414965986, 0.1774193548387097, 0.08565310492505353, 0.10985915492957747, 0.06451612903225806, 0.0, 0.0, 0.0, 0.0, 0.0, 0.0, 0.0, 0.0, 0.0, 0.0, 0.0, 0.0, 0.0, 0.0, 0.0, 0.0, 0.0, 0.0, 0.0, 0.0, 0.0, 0.0, 0.0, 0.0, 0.0, 0.0, 0.0, 0.0, 0.0, 0.0, 0.0, 0.0, 0.0, 0.0, 0.0, 0.0, 0.0, 0.0, 0.0, 0.13333333333333333, 0.09900990099009901, 0.19801980198019803, 0.0891089108910891, 0.36633663366336633, 0.18811881188118812, 0.09900990099009901, 0.11224489795918367, 0.45544554455445546, 0.0, 0.12871287128712872, 0.1782178217821782, 0.2079207920792079, 0.0, 0.594059405940594, 0.0891089108910891, 0.09900990099009901, 0.0, 0.15841584158415842, 0.0891089108910891, 0.0891089108910891, 0.3069306930693069, 0.09900990099009901, 0.1188118811881188, 0.0, 0.06930693069306931, 0.0, 0.06930693069306931, 0.0297029702970297, 0.26732673267326734, 0.297029702970297, 0.2871287128712871, 0.04950495049504951, 0.46534653465346537, 0.1797752808988764, 0.3069306930693069, 0.0891089108910891, 0.3069306930693069, 0.07920792079207921, 0.2079207920792079, 0.19801980198019803, 0.37362637362637363, 0.0891089108910891, 0.2079207920792079, 0.16831683168316833, 0.0297029702970297, 0.08064516129032258, 0.3069306930693069, 0.12871287128712872, 0.24752475247524752, 0.0, 0.0, 0.0, 0.0, 0.0, 0.0, 0.0, 0.0, 0.0, 0.0, 0.0, 0.0, 0.0, 0.0, 0.0, 0.0, 0.0, 0.0, 0.0, 0.0, 0.0, 0.0, 0.0, 0.0, 0.0, 0.0, 0.0, 0.0, 0.0, 0.0, 0.0, 0.0, 0.0, 0.0, 0.0, 0.0, 0.0, 0.0, 0.0, 0.0, 0.12, 0.14666666666666667, 0.08, 0.2, 0.18666666666666668, 0.22666666666666666, 0.09333333333333334, 0.13333333333333333, 0.0, 0.14666666666666667, 0.06666666666666667, 0.16, 0.0, 0.14666666666666667, 0.013333333333333334, 0.08, 0.0, 0.14666666666666667, 0.04, 0.06666666666666667, 0.13333333333333333, 0.21333333333333335, 0.02666666666666667, 0.0, 0.14666666666666667, 0.013333333333333334, 0.08, 0.0, 0.17333333333333334, 0.16, 0.17333333333333334, 0.04, 0.2, 0.14666666666666667, 0.17333333333333334, 0.04, 0.08, 0.06666666666666667, 0.10666666666666667, 0.12, 0.08, 0.04, 0.13333333333333333, 0.09333333333333334, 0.04, 0.08064516129032258, 0.2, 0.04, 0.10666666666666667, 0.0, 0.0, 0.0, 0.0, 0.0, 0.0, 0.0, 0.0, 0.0, 0.0, 0.0, 0.0, 0.0, 0.0, 0.0, 0.0, 0.0, 0.0, 0.0, 0.0, 0.0, 0.0, 0.0, 0.0, 0.0, 0.0, 0.0, 0.0, 0.0, 0.0, 0.0, 0.0, 0.0, 0.0, 0.0, 0.0, 0.0, 0.0, 0.0, 0.0, 0.0, 0.25862068965517243, 0.16091954022988506, 0.06321839080459771, 0.10344827586206896, 0.09923664122137404, 0.0, 0.08620689655172414, 0.1896551724137931, 0.10743801652892562, 0.034482758620689655, 0.20689655172413793, 0.0, 0.08045977011494253, 0.011494252873563218, 0.06896551724137931, 0.0, 0.3160919540229885, 0.05172413793103448, 0.08620689655172414, 0.052980132450331126, 0.16666666666666666, 0.00909090909090909, 0.0, 0.05172413793103448, 0.10344827586206896, 0.09770114942528736, 0.005747126436781609, 0.22794117647058823, 0.09195402298850575, 0.25862068965517243, 0.22988505747126436, 0.12804878048780488, 0.14606741573033707, 0.12403100775193798, 0.027972027972027972, 0.06474820143884892, 0.22988505747126436, 0.08045977011494253, 0.05747126436781609, 0.054945054945054944, 0.06321839080459771, 0.16666666666666666, 0.040229885057471264, 0.14285714285714285, 0.06451612903225806, 0.09770114942528736, 0.034482758620689655, 0.20689655172413793, 0.0, 0.0, 0.0, 0.0, 0.0, 0.0, 0.0, 0.0, 0.0, 0.0, 0.0, 0.0, 0.0, 0.0, 0.0, 0.0, 0.0, 0.0, 0.0, 0.0, 0.0, 0.0, 0.0, 0.0, 0.0, 0.0, 0.0, 0.0, 0.0, 0.0, 0.0, 0.0, 0.0, 0.0, 0.0, 0.0, 0.0, 0.0, 0.0, 0.0, 0.0, 0.0, 0.09310344827586207, 0.112, 0.205, 0.183206106870229, 0.02040816326530612, 0.07712082262210797, 0.18777292576419213, 0.19834710743801653, 0.033419023136246784, 0.33163265306122447, 0.006211180124223602, 0.2028985507246377, 0.061696658097686374, 0.20430107526881722, 0.03389830508474576, 0.17223650385604114, 0.03934426229508197, 0.11589403973509933, 0.1390728476821192, 0.2752808988764045, 0.01818181818181818, 0.09375, 0.04696132596685083, 0.08465608465608465, 0.088, 0.03896103896103896, 0.3088235294117647, 0.1048951048951049, 0.2676767676767677, 0.2669172932330827, 0.45121951219512196, 0.30337078651685395, 0.29457364341085274, 0.06293706293706294, 0.07913669064748201, 0.24281984334203655, 0.06233766233766234, 0.07216494845360824, 0.12087912087912088, 0.13333333333333333, 0.1046831955922865, 0.056555269922879174, 0.10884353741496598, 0.12903225806451613, 0.09254498714652956, 0.030985915492957747, 0.18433179723502305, 0.0, 0.0, 0.0, 0.0, 0.0, 0.0, 0.0, 0.0, 0.0, 0.0, 0.0, 0.0, 0.0, 0.0, 0.0, 0.0, 0.0, 0.0, 0.0, 0.0, 0.0, 0.0, 0.0, 0.0, 0.0, 0.0, 0.0, 0.0, 0.0, 0.0, 0.0, 0.0, 0.0, 0.0, 0.0, 0.0, 0.0, 0.0, 0.0, 0.0, 0.0, 0.0, 0.0, 0.068, 0.14, 0.06870229007633588, 0.02040816326530612, 0.05172413793103448, 0.056768558951965066, 0.05785123966942149, 0.04482758620689655, 0.08163265306122448, 0.0, 0.0821256038647343, 0.0034482758620689655, 0.12903225806451613, 0.025423728813559324, 0.12758620689655173, 0.02413793103448276, 0.03103448275862069, 0.019867549668874173, 0.10112359550561797, 0.0, 0.052083333333333336, 0.08620689655172414, 0.02413793103448276, 0.048, 0.03793103448275862, 0.16176470588235295, 0.038461538461538464, 0.08585858585858586, 0.04887218045112782, 0.12195121951219512, 0.1348314606741573, 0.09302325581395349, 0.02097902097902098, 0.03597122302158273, 0.08620689655172414, 0.05862068965517241, 0.0979381443298969, 0.03296703296703297, 0.05333333333333334, 0.08620689655172414, 0.03103448275862069, 0.1360544217687075, 0.04838709677419355, 0.05517241379310345, 0.05862068965517241, 0.07373271889400922, 0.0, 0.0, 0.0, 0.0, 0.0, 0.0, 0.0, 0.0, 0.0, 0.0, 0.0, 0.0, 0.0, 0.0, 0.0, 0.0, 0.0, 0.0, 0.0, 0.0, 0.0, 0.0, 0.0, 0.0, 0.0, 0.0, 0.0, 0.0, 0.0, 0.0, 0.0, 0.0, 0.0, 0.0, 0.0, 0.0, 0.0, 0.0, 0.0, 0.0, 0.0, 0.0, 0.0, 0.0, 0.16, 0.11450381679389313, 0.14285714285714285, 0.12, 0.0, 0.09917355371900827, 0.088, 0.1326530612244898, 0.0, 0.32367149758454106, 0.028, 0.08064516129032258, 0.01694915254237288, 0.1, 0.052, 0.04, 0.16556291390728478, 0.0898876404494382, 0.08181818181818182, 0.052083333333333336, 0.052, 0.024, 0.048, 0.064, 0.27205882352941174, 0.112, 0.09090909090909091, 0.032, 0.2073170731707317, 0.20224719101123595, 0.24031007751937986, 0.055944055944055944, 0.1366906474820144, 0.052, 0.08, 0.030927835051546393, 0.2087912087912088, 0.044444444444444446, 0.08, 0.084, 0.04081632653061224, 0.08064516129032258, 0.152, 0.088, 0.12442396313364056, 0.0, 0.0, 0.0, 0.0, 0.0, 0.0, 0.0, 0.0, 0.0, 0.0, 0.0, 0.0, 0.0, 0.0, 0.0, 0.0, 0.0, 0.0, 0.0, 0.0, 0.0, 0.0, 0.0, 0.0, 0.0, 0.0, 0.0, 0.0, 0.0, 0.0, 0.0, 0.0, 0.0, 0.0, 0.0, 0.0, 0.0, 0.0, 0.0, 0.0, 0.0, 0.0, 0.0, 0.0, 0.0, 0.15267175572519084, 0.10204081632653061, 0.11, 0.0, 0.10743801652892562, 0.08, 0.04591836734693878, 0.0, 0.14, 0.005, 0.08064516129032258, 0.01694915254237288, 0.115, 0.05, 0.095, 0.18543046357615894, 0.06179775280898876, 0.06363636363636363, 0.052083333333333336, 0.135, 0.08, 0.095, 0.04, 0.125, 0.115, 0.0707070707070707, 0.025, 0.11585365853658537, 0.23595505617977527, 0.20155038759689922, 0.11888111888111888, 0.1223021582733813, 0.09, 0.09, 0.07731958762886598, 0.1978021978021978, 0.055, 0.22, 0.08, 0.02040816326530612, 0.11290322580645161, 0.14, 0.08, 0.06, 0.0, 0.0, 0.0, 0.0, 0.0, 0.0, 0.0, 0.0, 0.0, 0.0, 0.0, 0.0, 0.0, 0.0, 0.0, 0.0, 0.0, 0.0, 0.0, 0.0, 0.0, 0.0, 0.0, 0.0, 0.0, 0.0, 0.0, 0.0, 0.0, 0.0, 0.0, 0.0, 0.0, 0.0, 0.0, 0.0, 0.0, 0.0, 0.0, 0.0, 0.0, 0.0, 0.0, 0.0, 0.0, 0.0, 0.0, 0.07633587786259542, 0.0, 0.19008264462809918, 0.06870229007633588, 0.04580152671755725, 0.0, 0.0916030534351145, 0.0, 0.061068702290076333, 0.0, 0.1450381679389313, 0.03816793893129771, 0.06870229007633588, 0.04580152671755725, 0.21374045801526717, 0.0, 0.0, 0.07633587786259542, 0.030534351145038167, 0.08396946564885496, 0.0, 0.09923664122137404, 0.0916030534351145, 0.06870229007633588, 0.04580152671755725, 0.0916030534351145, 0.39325842696629215, 0.15503875968992248, 0.061068702290076333, 0.022900763358778626, 0.04580152671755725, 0.15267175572519084, 0.07633587786259542, 0.04395604395604396, 0.09923664122137404, 0.09923664122137404, 0.21374045801526717, 0.022900763358778626, 0.14516129032258066, 0.1297709923664122, 0.03816793893129771, 0.04580152671755725, 0.0, 0.0, 0.0, 0.0, 0.0, 0.0, 0.0, 0.0, 0.0, 0.0, 0.0, 0.0, 0.0, 0.0, 0.0, 0.0, 0.0, 0.0, 0.0, 0.0, 0.0, 0.0, 0.0, 0.0, 0.0, 0.0, 0.0, 0.0, 0.0, 0.0, 0.0, 0.0, 0.0, 0.0, 0.0, 0.0, 0.0, 0.0, 0.0, 0.0, 0.0, 0.0, 0.0, 0.0, 0.0, 0.0, 0.0, 0.07142857142857142, 0.0, 0.0, 0.11224489795918367, 0.2653061224489796, 0.0, 0.29591836734693877, 0.02040816326530612, 0.0, 0.01020408163265306, 0.0, 0.02040816326530612, 0.09183673469387756, 0.11224489795918367, 0.0, 0.32653061224489793, 0.0, 0.061224489795918366, 0.061224489795918366, 0.04081632653061224, 0.0, 0.1326530612244898, 0.16326530612244897, 0.15306122448979592, 0.0, 0.07142857142857142, 0.056179775280898875, 0.19387755102040816, 0.336734693877551, 0.11224489795918367, 0.02040816326530612, 0.02040816326530612, 0.23469387755102042, 0.3516483516483517, 0.01020408163265306, 0.11224489795918367, 0.17346938775510204, 0.030612244897959183, 0.0, 0.08163265306122448, 0.05102040816326531, 0.11224489795918367, 0.0, 0.0, 0.0, 0.0, 0.0, 0.0, 0.0, 0.0, 0.0, 0.0, 0.0, 0.0, 0.0, 0.0, 0.0, 0.0, 0.0, 0.0, 0.0, 0.0, 0.0, 0.0, 0.0, 0.0, 0.0, 0.0, 0.0, 0.0, 0.0, 0.0, 0.0, 0.0, 0.0, 0.0, 0.0, 0.0, 0.0, 0.0, 0.0, 0.0, 0.0, 0.0, 0.0, 0.0, 0.0, 0.0, 0.0, 0.0, 0.048034934497816595, 0.1322314049586777, 0.033419023136246784, 0.11734693877551021, 0.0, 0.1642512077294686, 0.02619047619047619, 0.10752688172043011, 0.05084745762711865, 0.11510791366906475, 0.07868852459016394, 0.06622516556291391, 0.2185430463576159, 0.10112359550561797, 0.045454545454545456, 0.020833333333333332, 0.04419889502762431, 0.05555555555555555, 0.068, 0.046753246753246755, 0.25, 0.10839160839160839, 0.1919191919191919, 0.041353383458646614, 0.2865853658536585, 0.21348314606741572, 0.20930232558139536, 0.055944055944055944, 0.2302158273381295, 0.0783289817232376, 0.05974025974025974, 0.041237113402061855, 0.32967032967032966, 0.06666666666666667, 0.09090909090909091, 0.030162412993039442, 0.12244897959183673, 0.08064516129032258, 0.07159353348729793, 0.0676056338028169, 0.16129032258064516, 0.0, 0.0, 0.0, 0.0, 0.0, 0.0, 0.0, 0.0, 0.0, 0.0, 0.0, 0.0, 0.0, 0.0, 0.0, 0.0, 0.0, 0.0, 0.0, 0.0, 0.0, 0.0, 0.0, 0.0, 0.0, 0.0, 0.0, 0.0, 0.0, 0.0, 0.0, 0.0, 0.0, 0.0, 0.0, 0.0, 0.0, 0.0, 0.0, 0.0, 0.0, 0.0, 0.0, 0.0, 0.0, 0.0, 0.0, 0.0, 0.0, 0.008264462809917356, 0.021834061135371178, 0.21428571428571427, 0.006211180124223602, 0.0, 0.06986899563318777, 0.016129032258064516, 0.15254237288135594, 0.18340611353711792, 0.034934497816593885, 0.1572052401746725, 0.006622516556291391, 0.1404494382022472, 0.0, 0.010416666666666666, 0.048034934497816595, 0.17903930131004367, 0.07423580786026202, 0.11353711790393013, 0.14705882352941177, 0.0, 0.1717171717171717, 0.3231441048034934, 0.17073170731707318, 0.0, 0.0, 0.0, 0.007194244604316547, 0.32751091703056767, 0.0, 0.0, 0.0, 0.07555555555555556, 0.11353711790393013, 0.004366812227074236, 0.19047619047619047, 0.016129032258064516, 0.026200873362445413, 0.056768558951965066, 0.2350230414746544, 0.0, 0.0, 0.0, 0.0, 0.0, 0.0, 0.0, 0.0, 0.0, 0.0, 0.0, 0.0, 0.0, 0.0, 0.0, 0.0, 0.0, 0.0, 0.0, 0.0, 0.0, 0.0, 0.0, 0.0, 0.0, 0.0, 0.0, 0.0, 0.0, 0.0, 0.0, 0.0, 0.0, 0.0, 0.0, 0.0, 0.0, 0.0, 0.0, 0.0, 0.0, 0.0, 0.0, 0.0, 0.0, 0.0, 0.0, 0.0, 0.0, 0.0, 0.0743801652892562, 0.05785123966942149, 0.0, 0.0743801652892562, 0.03305785123966942, 0.06611570247933884, 0.0, 0.17355371900826447, 0.049586776859504134, 0.06611570247933884, 0.12396694214876033, 0.12396694214876033, 0.0, 0.052083333333333336, 0.0743801652892562, 0.03305785123966942, 0.08264462809917356, 0.03305785123966942, 0.15702479338842976, 0.17355371900826447, 0.1322314049586777, 0.06611570247933884, 0.1652892561983471, 0.24719101123595505, 0.15702479338842976, 0.01652892561983471, 0.05785123966942149, 0.05785123966942149, 0.10743801652892562, 0.05785123966942149, 0.07692307692307693, 0.05785123966942149, 0.06611570247933884, 0.19834710743801653, 0.04132231404958678, 0.0967741935483871, 0.17355371900826447, 0.06611570247933884, 0.04132231404958678, 0.0, 0.0, 0.0, 0.0, 0.0, 0.0, 0.0, 0.0, 0.0, 0.0, 0.0, 0.0, 0.0, 0.0, 0.0, 0.0, 0.0, 0.0, 0.0, 0.0, 0.0, 0.0, 0.0, 0.0, 0.0, 0.0, 0.0, 0.0, 0.0, 0.0, 0.0, 0.0, 0.0, 0.0, 0.0, 0.0, 0.0, 0.0, 0.0, 0.0, 0.0, 0.0, 0.0, 0.0, 0.0, 0.0, 0.0, 0.0, 0.0, 0.0, 0.0, 0.03571428571428571, 0.006211180124223602, 0.11594202898550725, 0.03598971722365039, 0.0967741935483871, 0.0423728813559322, 0.07197943444730077, 0.04590163934426229, 0.029801324503311258, 0.039735099337748346, 0.033707865168539325, 0.08181818181818182, 0.052083333333333336, 0.0718232044198895, 0.013227513227513227, 0.056, 0.05194805194805195, 0.09558823529411764, 0.09090909090909091, 0.045454545454545456, 0.041353383458646614, 0.04878048780487805, 0.056179775280898875, 0.13178294573643412, 0.09090909090909091, 0.02877697841726619, 0.04699738903394256, 0.046753246753246755, 0.07731958762886598, 0.12087912087912088, 0.08888888888888889, 0.027548209366391185, 0.09511568123393316, 0.061224489795918366, 0.14516129032258066, 0.08740359897172237, 0.056338028169014086, 0.03225806451612903, 0.0, 0.0, 0.0, 0.0, 0.0, 0.0, 0.0, 0.0, 0.0, 0.0, 0.0, 0.0, 0.0, 0.0, 0.0, 0.0, 0.0, 0.0, 0.0, 0.0, 0.0, 0.0, 0.0, 0.0, 0.0, 0.0, 0.0, 0.0, 0.0, 0.0, 0.0, 0.0, 0.0, 0.0, 0.0, 0.0, 0.0, 0.0, 0.0, 0.0, 0.0, 0.0, 0.0, 0.0, 0.0, 0.0, 0.0, 0.0, 0.0, 0.0, 0.0, 0.0, 0.006211180124223602, 0.16326530612244897, 0.02040816326530612, 0.03763440860215054, 0.0, 0.20408163265306123, 0.03571428571428571, 0.17346938775510204, 0.033112582781456956, 0.2303370786516854, 0.08181818181818182, 0.0, 0.025510204081632654, 0.1377551020408163, 0.10204081632653061, 0.025510204081632654, 0.3014705882352941, 0.05102040816326531, 0.42346938775510207, 0.2653061224489796, 0.29878048780487804, 0.11235955056179775, 0.09302325581395349, 0.013986013986013986, 0.03597122302158273, 0.25510204081632654, 0.08163265306122448, 0.041237113402061855, 0.054945054945054944, 0.21428571428571427, 0.1989795918367347, 0.08673469387755102, 0.09523809523809523, 0.06451612903225806, 0.1326530612244898, 0.04081632653061224, 0.2653061224489796, 0.0, 0.0, 0.0, 0.0, 0.0, 0.0, 0.0, 0.0, 0.0, 0.0, 0.0, 0.0, 0.0, 0.0, 0.0, 0.0, 0.0, 0.0, 0.0, 0.0, 0.0, 0.0, 0.0, 0.0, 0.0, 0.0, 0.0, 0.0, 0.0, 0.0, 0.0, 0.0, 0.0, 0.0, 0.0, 0.0, 0.0, 0.0, 0.0, 0.0, 0.0, 0.0, 0.0, 0.0, 0.0, 0.0, 0.0, 0.0, 0.0, 0.0, 0.0, 0.0, 0.0, 0.0, 0.0, 0.0, 0.01694915254237288, 0.006211180124223602, 0.0, 0.0, 0.0, 0.0, 0.0, 0.0, 0.0, 0.0, 0.006211180124223602, 0.0, 0.007352941176470588, 0.0, 0.006211180124223602, 0.0, 0.0, 0.0, 0.0, 0.0, 0.0, 0.006211180124223602, 0.012422360248447204, 0.0, 0.0, 0.006211180124223602, 0.0, 0.0, 0.0, 0.0, 0.012422360248447204, 0.0, 0.0, 0.0, 0.0, 0.0, 0.0, 0.0, 0.0, 0.0, 0.0, 0.0, 0.0, 0.0, 0.0, 0.0, 0.0, 0.0, 0.0, 0.0, 0.0, 0.0, 0.0, 0.0, 0.0, 0.0, 0.0, 0.0, 0.0, 0.0, 0.0, 0.0, 0.0, 0.0, 0.0, 0.0, 0.0, 0.0, 0.0, 0.0, 0.0, 0.0, 0.0, 0.0, 0.0, 0.0, 0.0, 0.0, 0.0, 0.0, 0.0, 0.0, 0.0, 0.0, 0.0, 0.0, 0.0, 0.12560386473429952, 0.16666666666666666, 0.0, 0.1642512077294686, 0.1111111111111111, 0.0821256038647343, 0.11258278145695365, 0.07865168539325842, 0.2, 0.0625, 0.07729468599033816, 0.028985507246376812, 0.09178743961352658, 0.1111111111111111, 0.2426470588235294, 0.18357487922705315, 0.1111111111111111, 0.06763285024154589, 0.17073170731707318, 0.20224719101123595, 0.2713178294573643, 0.27972027972027974, 0.11510791366906475, 0.07246376811594203, 0.11594202898550725, 0.14432989690721648, 0.2857142857142857, 0.04830917874396135, 0.11594202898550725, 0.12560386473429952, 0.04081632653061224, 0.08064516129032258, 0.16908212560386474, 0.14492753623188406, 0.11594202898550725, 0.0, 0.0, 0.0, 0.0, 0.0, 0.0, 0.0, 0.0, 0.0, 0.0, 0.0, 0.0, 0.0, 0.0, 0.0, 0.0, 0.0, 0.0, 0.0, 0.0, 0.0, 0.0, 0.0, 0.0, 0.0, 0.0, 0.0, 0.0, 0.0, 0.0, 0.0, 0.0, 0.0, 0.0, 0.0, 0.0, 0.0, 0.0, 0.0, 0.0, 0.0, 0.0, 0.0, 0.0, 0.0, 0.0, 0.0, 0.0, 0.0, 0.0, 0.0, 0.0, 0.0, 0.0, 0.0, 0.1774193548387097, 0.09322033898305085, 0.045563549160671464, 0.06229508196721312, 0.026490066225165563, 0.026490066225165563, 0.033707865168539325, 0.05454545454545454, 0.052083333333333336, 0.049723756906077346, 0.013227513227513227, 0.044, 0.07792207792207792, 0.0661764705882353, 0.05944055944055944, 0.025252525252525252, 0.045112781954887216, 0.024390243902439025, 0.0449438202247191, 0.023255813953488372, 0.055944055944055944, 0.007194244604316547, 0.044386422976501305, 0.012987012987012988, 0.030927835051546393, 0.06593406593406594, 0.04, 0.01652892561983471, 0.014285714285714285, 0.034013605442176874, 0.04838709677419355, 0.04523809523809524, 0.0647887323943662, 0.004608294930875576, 0.0, 0.0, 0.0, 0.0, 0.0, 0.0, 0.0, 0.0, 0.0, 0.0, 0.0, 0.0, 0.0, 0.0, 0.0, 0.0, 0.0, 0.0, 0.0, 0.0, 0.0, 0.0, 0.0, 0.0, 0.0, 0.0, 0.0, 0.0, 0.0, 0.0, 0.0, 0.0, 0.0, 0.0, 0.0, 0.0, 0.0, 0.0, 0.0, 0.0, 0.0, 0.0, 0.0, 0.0, 0.0, 0.0, 0.0, 0.0, 0.0, 0.0, 0.0, 0.0, 0.0, 0.0, 0.0, 0.0, 0.059322033898305086, 0.10215053763440861, 0.12365591397849462, 0.04838709677419355, 0.006622516556291391, 0.07303370786516854, 0.01818181818181818, 0.052083333333333336, 0.20430107526881722, 0.03225806451612903, 0.06451612903225806, 0.14516129032258066, 0.0661764705882353, 0.07526881720430108, 0.06989247311827956, 0.0967741935483871, 0.054878048780487805, 0.0898876404494382, 0.05426356589147287, 0.08391608391608392, 0.014388489208633094, 0.13978494623655913, 0.06989247311827956, 0.06451612903225806, 0.01098901098901099, 0.07526881720430108, 0.06451612903225806, 0.04838709677419355, 0.09523809523809523, 0.06451612903225806, 0.11827956989247312, 0.13978494623655913, 0.043010752688172046, 0.0, 0.0, 0.0, 0.0, 0.0, 0.0, 0.0, 0.0, 0.0, 0.0, 0.0, 0.0, 0.0, 0.0, 0.0, 0.0, 0.0, 0.0, 0.0, 0.0, 0.0, 0.0, 0.0, 0.0, 0.0, 0.0, 0.0, 0.0, 0.0, 0.0, 0.0, 0.0, 0.0, 0.0, 0.0, 0.0, 0.0, 0.0, 0.0, 0.0, 0.0, 0.0, 0.0, 0.0, 0.0, 0.0, 0.0, 0.0, 0.0, 0.0, 0.0, 0.0, 0.0, 0.0, 0.0, 0.0, 0.0, 0.025423728813559324, 0.05084745762711865, 0.025423728813559324, 0.025423728813559324, 0.0, 0.01818181818181818, 0.041666666666666664, 0.025423728813559324, 0.01694915254237288, 0.025423728813559324, 0.07627118644067797, 0.01694915254237288, 0.0, 0.0, 0.00847457627118644, 0.0, 0.0, 0.0, 0.00847457627118644, 0.0423728813559322, 0.1016949152542373, 0.03389830508474576, 0.00847457627118644, 0.02197802197802198, 0.0, 0.03389830508474576, 0.0, 0.00847457627118644, 0.0, 0.059322033898305086, 0.15254237288135594, 0.0423728813559322, 0.0, 0.0, 0.0, 0.0, 0.0, 0.0, 0.0, 0.0, 0.0, 0.0, 0.0, 0.0, 0.0, 0.0, 0.0, 0.0, 0.0, 0.0, 0.0, 0.0, 0.0, 0.0, 0.0, 0.0, 0.0, 0.0, 0.0, 0.0, 0.0, 0.0, 0.0, 0.0, 0.0, 0.0, 0.0, 0.0, 0.0, 0.0, 0.0, 0.0, 0.0, 0.0, 0.0, 0.0, 0.0, 0.0, 0.0, 0.0, 0.0, 0.0, 0.0, 0.0, 0.0, 0.0, 0.0, 0.0, 0.0, 0.0, 0.06557377049180328, 0.32781456953642385, 0.07947019867549669, 0.2247191011235955, 0.00909090909090909, 0.11458333333333333, 0.058011049723756904, 0.17195767195767195, 0.36, 0.07272727272727272, 0.25, 0.07342657342657342, 0.20707070707070707, 0.16917293233082706, 0.15853658536585366, 0.19101123595505617, 0.13178294573643412, 0.04895104895104895, 0.10071942446043165, 0.1174934725848564, 0.06753246753246753, 0.08247422680412371, 0.06593406593406594, 0.12444444444444444, 0.0743801652892562, 0.05275779376498801, 0.16326530612244897, 0.1935483870967742, 0.09112709832134293, 0.12112676056338029, 0.1336405529953917, 0.0, 0.0, 0.0, 0.0, 0.0, 0.0, 0.0, 0.0, 0.0, 0.0, 0.0, 0.0, 0.0, 0.0, 0.0, 0.0, 0.0, 0.0, 0.0, 0.0, 0.0, 0.0, 0.0, 0.0, 0.0, 0.0, 0.0, 0.0, 0.0, 0.0, 0.0, 0.0, 0.0, 0.0, 0.0, 0.0, 0.0, 0.0, 0.0, 0.0, 0.0, 0.0, 0.0, 0.0, 0.0, 0.0, 0.0, 0.0, 0.0, 0.0, 0.0, 0.0, 0.0, 0.0, 0.0, 0.0, 0.0, 0.0, 0.0, 0.009933774834437087, 0.0, 0.056179775280898875, 0.0, 0.11458333333333333, 0.07213114754098361, 0.009836065573770493, 0.036, 0.08196721311475409, 0.03676470588235294, 0.06993006993006994, 0.03535353535353535, 0.02631578947368421, 0.018292682926829267, 0.07865168539325842, 0.06201550387596899, 0.04195804195804196, 0.02158273381294964, 0.05573770491803279, 0.01639344262295082, 0.015463917525773196, 0.0, 0.057777777777777775, 0.03934426229508197, 0.03278688524590164, 0.08843537414965986, 0.11290322580645161, 0.05901639344262295, 0.06557377049180328, 0.009216589861751152, 0.0, 0.0, 0.0, 0.0, 0.0, 0.0, 0.0, 0.0, 0.0, 0.0, 0.0, 0.0, 0.0, 0.0, 0.0, 0.0, 0.0, 0.0, 0.0, 0.0, 0.0, 0.0, 0.0, 0.0, 0.0, 0.0, 0.0, 0.0, 0.0, 0.0, 0.0, 0.0, 0.0, 0.0, 0.0, 0.0, 0.0, 0.0, 0.0, 0.0, 0.0, 0.0, 0.0, 0.0, 0.0, 0.0, 0.0, 0.0, 0.0, 0.0, 0.0, 0.0, 0.0, 0.0, 0.0, 0.0, 0.0, 0.0, 0.0, 0.0, 0.07947019867549669, 0.10674157303370786, 0.05454545454545454, 0.010416666666666666, 0.06291390728476821, 0.39072847682119205, 0.46, 0.0695364238410596, 0.125, 0.05244755244755245, 0.15151515151515152, 0.13157894736842105, 0.14634146341463414, 0.10112359550561797, 0.05426356589147287, 0.14685314685314685, 0.06474820143884892, 0.04304635761589404, 0.04966887417218543, 0.061855670103092786, 0.08791208791208792, 0.13777777777777778, 0.0695364238410596, 0.059602649006622516, 0.034013605442176874, 0.03225806451612903, 0.08940397350993377, 0.10264900662251655, 0.05069124423963134, 0.0, 0.0, 0.0, 0.0, 0.0, 0.0, 0.0, 0.0, 0.0, 0.0, 0.0, 0.0, 0.0, 0.0, 0.0, 0.0, 0.0, 0.0, 0.0, 0.0, 0.0, 0.0, 0.0, 0.0, 0.0, 0.0, 0.0, 0.0, 0.0, 0.0, 0.0, 0.0, 0.0, 0.0, 0.0, 0.0, 0.0, 0.0, 0.0, 0.0, 0.0, 0.0, 0.0, 0.0, 0.0, 0.0, 0.0, 0.0, 0.0, 0.0, 0.0, 0.0, 0.0, 0.0, 0.0, 0.0, 0.0, 0.0, 0.0, 0.0, 0.0, 0.026490066225165563, 0.09090909090909091, 0.0, 0.09933774834437085, 0.07947019867549669, 0.052980132450331126, 0.019867549668874173, 0.1323529411764706, 0.11920529801324503, 0.11920529801324503, 0.0, 0.2119205298013245, 0.15730337078651685, 0.23255813953488372, 0.0979020979020979, 0.28776978417266186, 0.033112582781456956, 0.046357615894039736, 0.046357615894039736, 0.4175824175824176, 0.013245033112582781, 0.1390728476821192, 0.013245033112582781, 0.006802721088435374, 0.0, 0.2185430463576159, 0.039735099337748346, 0.152317880794702, 0.0, 0.0, 0.0, 0.0, 0.0, 0.0, 0.0, 0.0, 0.0, 0.0, 0.0, 0.0, 0.0, 0.0, 0.0, 0.0, 0.0, 0.0, 0.0, 0.0, 0.0, 0.0, 0.0, 0.0, 0.0, 0.0, 0.0, 0.0, 0.0, 0.0, 0.0, 0.0, 0.0, 0.0, 0.0, 0.0, 0.0, 0.0, 0.0, 0.0, 0.0, 0.0, 0.0, 0.0, 0.0, 0.0, 0.0, 0.0, 0.0, 0.0, 0.0, 0.0, 0.0, 0.0, 0.0, 0.0, 0.0, 0.0, 0.0, 0.0, 0.0, 0.0, 0.0, 0.010416666666666666, 0.10674157303370786, 0.07303370786516854, 0.08426966292134831, 0.028089887640449437, 0.375, 0.08426966292134831, 0.2808988764044944, 0.24157303370786518, 0.2621951219512195, 0.14606741573033707, 0.09302325581395349, 0.07692307692307693, 0.04316546762589928, 0.2247191011235955, 0.06179775280898876, 0.10674157303370786, 0.02197802197802198, 0.2696629213483146, 0.16853932584269662, 0.06741573033707865, 0.1836734693877551, 0.11290322580645161, 0.10112359550561797, 0.06741573033707865, 0.16292134831460675, 0.0, 0.0, 0.0, 0.0, 0.0, 0.0, 0.0, 0.0, 0.0, 0.0, 0.0, 0.0, 0.0, 0.0, 0.0, 0.0, 0.0, 0.0, 0.0, 0.0, 0.0, 0.0, 0.0, 0.0, 0.0, 0.0, 0.0, 0.0, 0.0, 0.0, 0.0, 0.0, 0.0, 0.0, 0.0, 0.0, 0.0, 0.0, 0.0, 0.0, 0.0, 0.0, 0.0, 0.0, 0.0, 0.0, 0.0, 0.0, 0.0, 0.0, 0.0, 0.0, 0.0, 0.0, 0.0, 0.0, 0.0, 0.0, 0.0, 0.0, 0.0, 0.0, 0.0, 0.0, 0.1, 0.045454545454545456, 0.045454545454545456, 0.02727272727272727, 0.08181818181818182, 0.10909090909090909, 0.045454545454545456, 0.0, 0.045454545454545456, 0.056179775280898875, 0.17272727272727273, 0.20909090909090908, 0.1, 0.02727272727272727, 0.045454545454545456, 0.20909090909090908, 0.38461538461538464, 0.0, 0.09090909090909091, 0.22727272727272727, 0.05454545454545454, 0.0, 0.05454545454545454, 0.03636363636363636, 0.08181818181818182, 0.0, 0.0, 0.0, 0.0, 0.0, 0.0, 0.0, 0.0, 0.0, 0.0, 0.0, 0.0, 0.0, 0.0, 0.0, 0.0, 0.0, 0.0, 0.0, 0.0, 0.0, 0.0, 0.0, 0.0, 0.0, 0.0, 0.0, 0.0, 0.0, 0.0, 0.0, 0.0, 0.0, 0.0, 0.0, 0.0, 0.0, 0.0, 0.0, 0.0, 0.0, 0.0, 0.0, 0.0, 0.0, 0.0, 0.0, 0.0, 0.0, 0.0, 0.0, 0.0, 0.0, 0.0, 0.0, 0.0, 0.0, 0.0, 0.0, 0.0, 0.0, 0.0, 0.0, 0.0, 0.08333333333333333, 0.052083333333333336, 0.041666666666666664, 0.052083333333333336, 0.03125, 0.0, 0.0, 0.0, 0.0, 0.0, 0.0, 0.0, 0.052083333333333336, 0.0625, 0.03125, 0.0, 0.0, 0.03125, 0.0, 0.0, 0.052083333333333336, 0.04838709677419355, 0.052083333333333336, 0.052083333333333336, 0.010416666666666666, 0.0, 0.0, 0.0, 0.0, 0.0, 0.0, 0.0, 0.0, 0.0, 0.0, 0.0, 0.0, 0.0, 0.0, 0.0, 0.0, 0.0, 0.0, 0.0, 0.0, 0.0, 0.0, 0.0, 0.0, 0.0, 0.0, 0.0, 0.0, 0.0, 0.0, 0.0, 0.0, 0.0, 0.0, 0.0, 0.0, 0.0, 0.0, 0.0, 0.0, 0.0, 0.0, 0.0, 0.0, 0.0, 0.0, 0.0, 0.0, 0.0, 0.0, 0.0, 0.0, 0.0, 0.0, 0.0, 0.0, 0.0, 0.0, 0.0, 0.0, 0.0, 0.0, 0.0, 0.0, 0.0, 0.06629834254143646, 0.068, 0.09116022099447514, 0.11029411764705882, 0.04195804195804196, 0.03535353535353535, 0.022556390977443608, 0.07926829268292683, 0.06741573033707865, 0.08527131782945736, 0.11188811188811189, 0.14388489208633093, 0.0718232044198895, 0.03591160220994475, 0.08247422680412371, 0.0989010989010989, 0.08444444444444445, 0.07458563535911603, 0.03314917127071823, 0.17687074829931973, 0.06451612903225806, 0.1270718232044199, 0.09859154929577464, 0.05069124423963134, 0.0, 0.0, 0.0, 0.0, 0.0, 0.0, 0.0, 0.0, 0.0, 0.0, 0.0, 0.0, 0.0, 0.0, 0.0, 0.0, 0.0, 0.0, 0.0, 0.0, 0.0, 0.0, 0.0, 0.0, 0.0, 0.0, 0.0, 0.0, 0.0, 0.0, 0.0, 0.0, 0.0, 0.0, 0.0, 0.0, 0.0, 0.0, 0.0, 0.0, 0.0, 0.0, 0.0, 0.0, 0.0, 0.0, 0.0, 0.0, 0.0, 0.0, 0.0, 0.0, 0.0, 0.0, 0.0, 0.0, 0.0, 0.0, 0.0, 0.0, 0.0, 0.0, 0.0, 0.0, 0.0, 0.0, 0.156, 0.047619047619047616, 0.08088235294117647, 0.024475524475524476, 0.09595959595959595, 0.08270676691729323, 0.08536585365853659, 0.0449438202247191, 0.007751937984496124, 0.11888111888111888, 0.09352517985611511, 0.05291005291005291, 0.015873015873015872, 0.041237113402061855, 0.08791208791208792, 0.12, 0.03581267217630854, 0.04497354497354497, 0.061224489795918366, 0.03225806451612903, 0.05555555555555555, 0.05352112676056338, 0.06912442396313365, 0.0, 0.0, 0.0, 0.0, 0.0, 0.0, 0.0, 0.0, 0.0, 0.0, 0.0, 0.0, 0.0, 0.0, 0.0, 0.0, 0.0, 0.0, 0.0, 0.0, 0.0, 0.0, 0.0, 0.0, 0.0, 0.0, 0.0, 0.0, 0.0, 0.0, 0.0, 0.0, 0.0, 0.0, 0.0, 0.0, 0.0, 0.0, 0.0, 0.0, 0.0, 0.0, 0.0, 0.0, 0.0, 0.0, 0.0, 0.0, 0.0, 0.0, 0.0, 0.0, 0.0, 0.0, 0.0, 0.0, 0.0, 0.0, 0.0, 0.0, 0.0, 0.0, 0.0, 0.0, 0.0, 0.0, 0.0, 0.112, 0.1323529411764706, 0.08, 0.08080808080808081, 0.088, 0.07317073170731707, 0.11235955056179775, 0.06201550387596899, 0.055944055944055944, 0.06474820143884892, 0.088, 0.052, 0.05154639175257732, 0.06593406593406594, 0.057777777777777775, 0.056, 0.068, 0.02040816326530612, 0.11290322580645161, 0.128, 0.168, 0.013824884792626729, 0.0, 0.0, 0.0, 0.0, 0.0, 0.0, 0.0, 0.0, 0.0, 0.0, 0.0, 0.0, 0.0, 0.0, 0.0, 0.0, 0.0, 0.0, 0.0, 0.0, 0.0, 0.0, 0.0, 0.0, 0.0, 0.0, 0.0, 0.0, 0.0, 0.0, 0.0, 0.0, 0.0, 0.0, 0.0, 0.0, 0.0, 0.0, 0.0, 0.0, 0.0, 0.0, 0.0, 0.0, 0.0, 0.0, 0.0, 0.0, 0.0, 0.0, 0.0, 0.0, 0.0, 0.0, 0.0, 0.0, 0.0, 0.0, 0.0, 0.0, 0.0, 0.0, 0.0, 0.0, 0.0, 0.0, 0.0, 0.0, 0.022058823529411766, 0.05944055944055944, 0.03535353535353535, 0.03383458646616541, 0.0, 0.0, 0.015503875968992248, 0.006993006993006993, 0.014388489208633094, 0.05483028720626632, 0.02077922077922078, 0.015463917525773196, 0.0, 0.044444444444444446, 0.01652892561983471, 0.02077922077922078, 0.06802721088435375, 0.03225806451612903, 0.04155844155844156, 0.23098591549295774, 0.004608294930875576, 0.0, 0.0, 0.0, 0.0, 0.0, 0.0, 0.0, 0.0, 0.0, 0.0, 0.0, 0.0, 0.0, 0.0, 0.0, 0.0, 0.0, 0.0, 0.0, 0.0, 0.0, 0.0, 0.0, 0.0, 0.0, 0.0, 0.0, 0.0, 0.0, 0.0, 0.0, 0.0, 0.0, 0.0, 0.0, 0.0, 0.0, 0.0, 0.0, 0.0, 0.0, 0.0, 0.0, 0.0, 0.0, 0.0, 0.0, 0.0, 0.0, 0.0, 0.0, 0.0, 0.0, 0.0, 0.0, 0.0, 0.0, 0.0, 0.0, 0.0, 0.0, 0.0, 0.0, 0.0, 0.0, 0.0, 0.0, 0.0, 0.0, 0.13970588235294118, 0.34558823529411764, 0.23529411764705882, 0.40441176470588236, 0.1797752808988764, 0.15503875968992248, 0.029411764705882353, 0.125, 0.29411764705882354, 0.19117647058823528, 0.058823529411764705, 0.15384615384615385, 0.08823529411764706, 0.2426470588235294, 0.11029411764705882, 0.3235294117647059, 0.06451612903225806, 0.27205882352941174, 0.022058823529411766, 0.3897058823529412, 0.0, 0.0, 0.0, 0.0, 0.0, 0.0, 0.0, 0.0, 0.0, 0.0, 0.0, 0.0, 0.0, 0.0, 0.0, 0.0, 0.0, 0.0, 0.0, 0.0, 0.0, 0.0, 0.0, 0.0, 0.0, 0.0, 0.0, 0.0, 0.0, 0.0, 0.0, 0.0, 0.0, 0.0, 0.0, 0.0, 0.0, 0.0, 0.0, 0.0, 0.0, 0.0, 0.0, 0.0, 0.0, 0.0, 0.0, 0.0, 0.0, 0.0, 0.0, 0.0, 0.0, 0.0, 0.0, 0.0, 0.0, 0.0, 0.0, 0.0, 0.0, 0.0, 0.0, 0.0, 0.0, 0.0, 0.0, 0.0, 0.0, 0.0, 0.08080808080808081, 0.018796992481203006, 0.10975609756097561, 0.19101123595505617, 0.24031007751937986, 0.13286713286713286, 0.07194244604316546, 0.07692307692307693, 0.04895104895104895, 0.09278350515463918, 0.21978021978021978, 0.035555555555555556, 0.07692307692307693, 0.0944055944055944, 0.027210884353741496, 0.08064516129032258, 0.10839160839160839, 0.05244755244755245, 0.05069124423963134, 0.0, 0.0, 0.0, 0.0, 0.0, 0.0, 0.0, 0.0, 0.0, 0.0, 0.0, 0.0, 0.0, 0.0, 0.0, 0.0, 0.0, 0.0, 0.0, 0.0, 0.0, 0.0, 0.0, 0.0, 0.0, 0.0, 0.0, 0.0, 0.0, 0.0, 0.0, 0.0, 0.0, 0.0, 0.0, 0.0, 0.0, 0.0, 0.0, 0.0, 0.0, 0.0, 0.0, 0.0, 0.0, 0.0, 0.0, 0.0, 0.0, 0.0, 0.0, 0.0, 0.0, 0.0, 0.0, 0.0, 0.0, 0.0, 0.0, 0.0, 0.0, 0.0, 0.0, 0.0, 0.0, 0.0, 0.0, 0.0, 0.0, 0.0, 0.0, 0.2474747474747475, 0.32926829268292684, 0.15730337078651685, 0.18604651162790697, 0.02097902097902098, 0.1510791366906475, 0.21717171717171718, 0.08585858585858586, 0.05670103092783505, 0.16483516483516483, 0.16161616161616163, 0.18181818181818182, 0.06565656565656566, 0.12244897959183673, 0.06451612903225806, 0.12626262626262627, 0.06060606060606061, 0.2222222222222222, 0.0, 0.0, 0.0, 0.0, 0.0, 0.0, 0.0, 0.0, 0.0, 0.0, 0.0, 0.0, 0.0, 0.0, 0.0, 0.0, 0.0, 0.0, 0.0, 0.0, 0.0, 0.0, 0.0, 0.0, 0.0, 0.0, 0.0, 0.0, 0.0, 0.0, 0.0, 0.0, 0.0, 0.0, 0.0, 0.0, 0.0, 0.0, 0.0, 0.0, 0.0, 0.0, 0.0, 0.0, 0.0, 0.0, 0.0, 0.0, 0.0, 0.0, 0.0, 0.0, 0.0, 0.0, 0.0, 0.0, 0.0, 0.0, 0.0, 0.0, 0.0, 0.0, 0.0, 0.0, 0.0, 0.0, 0.0, 0.0, 0.0, 0.0, 0.0, 0.0, 0.3780487804878049, 0.056179775280898875, 0.03875968992248062, 0.0, 0.02158273381294964, 0.24060150375939848, 0.02631578947368421, 0.02577319587628866, 0.0, 0.1288888888888889, 0.11278195488721804, 0.02631578947368421, 0.14965986394557823, 0.0967741935483871, 0.04887218045112782, 0.041353383458646614, 0.1935483870967742, 0.0, 0.0, 0.0, 0.0, 0.0, 0.0, 0.0, 0.0, 0.0, 0.0, 0.0, 0.0, 0.0, 0.0, 0.0, 0.0, 0.0, 0.0, 0.0, 0.0, 0.0, 0.0, 0.0, 0.0, 0.0, 0.0, 0.0, 0.0, 0.0, 0.0, 0.0, 0.0, 0.0, 0.0, 0.0, 0.0, 0.0, 0.0, 0.0, 0.0, 0.0, 0.0, 0.0, 0.0, 0.0, 0.0, 0.0, 0.0, 0.0, 0.0, 0.0, 0.0, 0.0, 0.0, 0.0, 0.0, 0.0, 0.0, 0.0, 0.0, 0.0, 0.0, 0.0, 0.0, 0.0, 0.0, 0.0, 0.0, 0.0, 0.0, 0.0, 0.0, 0.0, 0.1797752808988764, 0.2248062015503876, 0.03496503496503497, 0.23741007194244604, 0.29878048780487804, 0.1402439024390244, 0.054878048780487805, 0.34065934065934067, 0.12804878048780488, 0.18902439024390244, 0.09146341463414634, 0.09523809523809523, 0.04838709677419355, 0.21951219512195122, 0.03048780487804878, 0.2865853658536585, 0.0, 0.0, 0.0, 0.0, 0.0, 0.0, 0.0, 0.0, 0.0, 0.0, 0.0, 0.0, 0.0, 0.0, 0.0, 0.0, 0.0, 0.0, 0.0, 0.0, 0.0, 0.0, 0.0, 0.0, 0.0, 0.0, 0.0, 0.0, 0.0, 0.0, 0.0, 0.0, 0.0, 0.0, 0.0, 0.0, 0.0, 0.0, 0.0, 0.0, 0.0, 0.0, 0.0, 0.0, 0.0, 0.0, 0.0, 0.0, 0.0, 0.0, 0.0, 0.0, 0.0, 0.0, 0.0, 0.0, 0.0, 0.0, 0.0, 0.0, 0.0, 0.0, 0.0, 0.0, 0.0, 0.0, 0.0, 0.0, 0.0, 0.0, 0.0, 0.0, 0.0, 0.0, 0.24719101123595505, 0.02247191011235955, 0.12359550561797752, 0.10112359550561797, 0.15730337078651685, 0.16853932584269662, 0.1348314606741573, 0.056179775280898875, 0.14606741573033707, 0.14606741573033707, 0.07865168539325842, 0.0967741935483871, 0.11235955056179775, 0.0898876404494382, 0.15730337078651685, 0.0, 0.0, 0.0, 0.0, 0.0, 0.0, 0.0, 0.0, 0.0, 0.0, 0.0, 0.0, 0.0, 0.0, 0.0, 0.0, 0.0, 0.0, 0.0, 0.0, 0.0, 0.0, 0.0, 0.0, 0.0, 0.0, 0.0, 0.0, 0.0, 0.0, 0.0, 0.0, 0.0, 0.0, 0.0, 0.0, 0.0, 0.0, 0.0, 0.0, 0.0, 0.0, 0.0, 0.0, 0.0, 0.0, 0.0, 0.0, 0.0, 0.0, 0.0, 0.0, 0.0, 0.0, 0.0, 0.0, 0.0, 0.0, 0.0, 0.0, 0.0, 0.0, 0.0, 0.0, 0.0, 0.0, 0.0, 0.0, 0.0, 0.0, 0.0, 0.0, 0.0, 0.0, 0.0, 0.12403100775193798, 0.18604651162790697, 0.06201550387596899, 0.07751937984496124, 0.18604651162790697, 0.37362637362637363, 0.046511627906976744, 0.11627906976744186, 0.24031007751937986, 0.031007751937984496, 0.11290322580645161, 0.13953488372093023, 0.11627906976744186, 0.13953488372093023, 0.0, 0.0, 0.0, 0.0, 0.0, 0.0, 0.0, 0.0, 0.0, 0.0, 0.0, 0.0, 0.0, 0.0, 0.0, 0.0, 0.0, 0.0, 0.0, 0.0, 0.0, 0.0, 0.0, 0.0, 0.0, 0.0, 0.0, 0.0, 0.0, 0.0, 0.0, 0.0, 0.0, 0.0, 0.0, 0.0, 0.0, 0.0, 0.0, 0.0, 0.0, 0.0, 0.0, 0.0, 0.0, 0.0, 0.0, 0.0, 0.0, 0.0, 0.0, 0.0, 0.0, 0.0, 0.0, 0.0, 0.0, 0.0, 0.0, 0.0, 0.0, 0.0, 0.0, 0.0, 0.0, 0.0, 0.0, 0.0, 0.0, 0.0, 0.0, 0.0, 0.0, 0.0, 0.0, 0.0, 0.07913669064748201, 0.055944055944055944, 0.055944055944055944, 0.16783216783216784, 0.25274725274725274, 0.08391608391608392, 0.1048951048951049, 0.09090909090909091, 0.02097902097902098, 0.0, 0.0979020979020979, 0.04895104895104895, 0.013986013986013986, 0.0, 0.0, 0.0, 0.0, 0.0, 0.0, 0.0, 0.0, 0.0, 0.0, 0.0, 0.0, 0.0, 0.0, 0.0, 0.0, 0.0, 0.0, 0.0, 0.0, 0.0, 0.0, 0.0, 0.0, 0.0, 0.0, 0.0, 0.0, 0.0, 0.0, 0.0, 0.0, 0.0, 0.0, 0.0, 0.0, 0.0, 0.0, 0.0, 0.0, 0.0, 0.0, 0.0, 0.0, 0.0, 0.0, 0.0, 0.0, 0.0, 0.0, 0.0, 0.0, 0.0, 0.0, 0.0, 0.0, 0.0, 0.0, 0.0, 0.0, 0.0, 0.0, 0.0, 0.0, 0.0, 0.0, 0.0, 0.0, 0.0, 0.0, 0.0, 0.0, 0.0, 0.0, 0.0, 0.0, 0.0, 0.03597122302158273, 0.04316546762589928, 0.050359712230215826, 0.4065934065934066, 0.014388489208633094, 0.1223021582733813, 0.014388489208633094, 0.02158273381294964, 0.0, 0.1366906474820144, 0.07194244604316546, 0.18705035971223022, 0.0, 0.0, 0.0, 0.0, 0.0, 0.0, 0.0, 0.0, 0.0, 0.0, 0.0, 0.0, 0.0, 0.0, 0.0, 0.0, 0.0, 0.0, 0.0, 0.0, 0.0, 0.0, 0.0, 0.0, 0.0, 0.0, 0.0, 0.0, 0.0, 0.0, 0.0, 0.0, 0.0, 0.0, 0.0, 0.0, 0.0, 0.0, 0.0, 0.0, 0.0, 0.0, 0.0, 0.0, 0.0, 0.0, 0.0, 0.0, 0.0, 0.0, 0.0, 0.0, 0.0, 0.0, 0.0, 0.0, 0.0, 0.0, 0.0, 0.0, 0.0, 0.0, 0.0, 0.0, 0.0, 0.0, 0.0, 0.0, 0.0, 0.0, 0.0, 0.0, 0.0, 0.0, 0.0, 0.0, 0.0, 0.0, 0.0391644908616188, 0.03608247422680412, 0.04395604395604396, 0.1288888888888889, 0.11019283746556474, 0.057441253263707574, 0.2789115646258503, 0.1935483870967742, 0.057441253263707574, 0.056338028169014086, 0.2534562211981567, 0.0, 0.0, 0.0, 0.0, 0.0, 0.0, 0.0, 0.0, 0.0, 0.0, 0.0, 0.0, 0.0, 0.0, 0.0, 0.0, 0.0, 0.0, 0.0, 0.0, 0.0, 0.0, 0.0, 0.0, 0.0, 0.0, 0.0, 0.0, 0.0, 0.0, 0.0, 0.0, 0.0, 0.0, 0.0, 0.0, 0.0, 0.0, 0.0, 0.0, 0.0, 0.0, 0.0, 0.0, 0.0, 0.0, 0.0, 0.0, 0.0, 0.0, 0.0, 0.0, 0.0, 0.0, 0.0, 0.0, 0.0, 0.0, 0.0, 0.0, 0.0, 0.0, 0.0, 0.0, 0.0, 0.0, 0.0, 0.0, 0.0, 0.0, 0.0, 0.0, 0.0, 0.0, 0.0, 0.0, 0.0, 0.0, 0.0, 0.041237113402061855, 0.054945054945054944, 0.04888888888888889, 0.04132231404958678, 0.046753246753246755, 0.034013605442176874, 0.0967741935483871, 0.07792207792207792, 0.01971830985915493, 0.03225806451612903, 0.0, 0.0, 0.0, 0.0, 0.0, 0.0, 0.0, 0.0, 0.0, 0.0, 0.0, 0.0, 0.0, 0.0, 0.0, 0.0, 0.0, 0.0, 0.0, 0.0, 0.0, 0.0, 0.0, 0.0, 0.0, 0.0, 0.0, 0.0, 0.0, 0.0, 0.0, 0.0, 0.0, 0.0, 0.0, 0.0, 0.0, 0.0, 0.0, 0.0, 0.0, 0.0, 0.0, 0.0, 0.0, 0.0, 0.0, 0.0, 0.0, 0.0, 0.0, 0.0, 0.0, 0.0, 0.0, 0.0, 0.0, 0.0, 0.0, 0.0, 0.0, 0.0, 0.0, 0.0, 0.0, 0.0, 0.0, 0.0, 0.0, 0.0, 0.0, 0.0, 0.0, 0.0, 0.0, 0.0, 0.0, 0.0, 0.0, 0.0, 0.34065934065934067, 0.10824742268041238, 0.07731958762886598, 0.12371134020618557, 0.034013605442176874, 0.08064516129032258, 0.06701030927835051, 0.05154639175257732, 0.015463917525773196, 0.0, 0.0, 0.0, 0.0, 0.0, 0.0, 0.0, 0.0, 0.0, 0.0, 0.0, 0.0, 0.0, 0.0, 0.0, 0.0, 0.0, 0.0, 0.0, 0.0, 0.0, 0.0, 0.0, 0.0, 0.0, 0.0, 0.0, 0.0, 0.0, 0.0, 0.0, 0.0, 0.0, 0.0, 0.0, 0.0, 0.0, 0.0, 0.0, 0.0, 0.0, 0.0, 0.0, 0.0, 0.0, 0.0, 0.0, 0.0, 0.0, 0.0, 0.0, 0.0, 0.0, 0.0, 0.0, 0.0, 0.0, 0.0, 0.0, 0.0, 0.0, 0.0, 0.0, 0.0, 0.0, 0.0, 0.0, 0.0, 0.0, 0.0, 0.0, 0.0, 0.0, 0.0, 0.0, 0.0, 0.0, 0.0, 0.0, 0.0, 0.0, 0.01098901098901099, 0.16483516483516483, 0.21978021978021978, 0.0, 0.0, 0.18681318681318682, 0.04395604395604396, 0.23076923076923078, 0.0, 0.0, 0.0, 0.0, 0.0, 0.0, 0.0, 0.0, 0.0, 0.0, 0.0, 0.0, 0.0, 0.0, 0.0, 0.0, 0.0, 0.0, 0.0, 0.0, 0.0, 0.0, 0.0, 0.0, 0.0, 0.0, 0.0, 0.0, 0.0, 0.0, 0.0, 0.0, 0.0, 0.0, 0.0, 0.0, 0.0, 0.0, 0.0, 0.0, 0.0, 0.0, 0.0, 0.0, 0.0, 0.0, 0.0, 0.0, 0.0, 0.0, 0.0, 0.0, 0.0, 0.0, 0.0, 0.0, 0.0, 0.0, 0.0, 0.0, 0.0, 0.0, 0.0, 0.0, 0.0, 0.0, 0.0, 0.0, 0.0, 0.0, 0.0, 0.0, 0.0, 0.0, 0.0, 0.0, 0.0, 0.0, 0.0, 0.0, 0.0, 0.0, 0.08, 0.03111111111111111, 0.10204081632653061, 0.1774193548387097, 0.05333333333333334, 0.07555555555555556, 0.04608294930875576, 0.0, 0.0, 0.0, 0.0, 0.0, 0.0, 0.0, 0.0, 0.0, 0.0, 0.0, 0.0, 0.0, 0.0, 0.0, 0.0, 0.0, 0.0, 0.0, 0.0, 0.0, 0.0, 0.0, 0.0, 0.0, 0.0, 0.0, 0.0, 0.0, 0.0, 0.0, 0.0, 0.0, 0.0, 0.0, 0.0, 0.0, 0.0, 0.0, 0.0, 0.0, 0.0, 0.0, 0.0, 0.0, 0.0, 0.0, 0.0, 0.0, 0.0, 0.0, 0.0, 0.0, 0.0, 0.0, 0.0, 0.0, 0.0, 0.0, 0.0, 0.0, 0.0, 0.0, 0.0, 0.0, 0.0, 0.0, 0.0, 0.0, 0.0, 0.0, 0.0, 0.0, 0.0, 0.0, 0.0, 0.0, 0.0, 0.0, 0.0, 0.0, 0.0, 0.0, 0.046831955922865015, 0.10204081632653061, 0.08064516129032258, 0.05509641873278237, 0.056338028169014086, 0.2534562211981567, 0.0, 0.0, 0.0, 0.0, 0.0, 0.0, 0.0, 0.0, 0.0, 0.0, 0.0, 0.0, 0.0, 0.0, 0.0, 0.0, 0.0, 0.0, 0.0, 0.0, 0.0, 0.0, 0.0, 0.0, 0.0, 0.0, 0.0, 0.0, 0.0, 0.0, 0.0, 0.0, 0.0, 0.0, 0.0, 0.0, 0.0, 0.0, 0.0, 0.0, 0.0, 0.0, 0.0, 0.0, 0.0, 0.0, 0.0, 0.0, 0.0, 0.0, 0.0, 0.0, 0.0, 0.0, 0.0, 0.0, 0.0, 0.0, 0.0, 0.0, 0.0, 0.0, 0.0, 0.0, 0.0, 0.0, 0.0, 0.0, 0.0, 0.0, 0.0, 0.0, 0.0, 0.0, 0.0, 0.0, 0.0, 0.0, 0.0, 0.0, 0.0, 0.0, 0.0, 0.0, 0.034013605442176874, 0.12903225806451613, 0.04640371229698376, 0.030985915492957747, 0.018433179723502304, 0.0, 0.0, 0.0, 0.0, 0.0, 0.0, 0.0, 0.0, 0.0, 0.0, 0.0, 0.0, 0.0, 0.0, 0.0, 0.0, 0.0, 0.0, 0.0, 0.0, 0.0, 0.0, 0.0, 0.0, 0.0, 0.0, 0.0, 0.0, 0.0, 0.0, 0.0, 0.0, 0.0, 0.0, 0.0, 0.0, 0.0, 0.0, 0.0, 0.0, 0.0, 0.0, 0.0, 0.0, 0.0, 0.0, 0.0, 0.0, 0.0, 0.0, 0.0, 0.0, 0.0, 0.0, 0.0, 0.0, 0.0, 0.0, 0.0, 0.0, 0.0, 0.0, 0.0, 0.0, 0.0, 0.0, 0.0, 0.0, 0.0, 0.0, 0.0, 0.0, 0.0, 0.0, 0.0, 0.0, 0.0, 0.0, 0.0, 0.0, 0.0, 0.0, 0.0, 0.0, 0.0, 0.08064516129032258, 0.034013605442176874, 0.06802721088435375, 0.17006802721088435, 0.0, 0.0, 0.0, 0.0, 0.0, 0.0, 0.0, 0.0, 0.0, 0.0, 0.0, 0.0, 0.0, 0.0, 0.0, 0.0, 0.0, 0.0, 0.0, 0.0, 0.0, 0.0, 0.0, 0.0, 0.0, 0.0, 0.0, 0.0, 0.0, 0.0, 0.0, 0.0, 0.0, 0.0, 0.0, 0.0, 0.0, 0.0, 0.0, 0.0, 0.0, 0.0, 0.0, 0.0, 0.0, 0.0, 0.0, 0.0, 0.0, 0.0, 0.0, 0.0, 0.0, 0.0, 0.0, 0.0, 0.0, 0.0, 0.0, 0.0, 0.0, 0.0, 0.0, 0.0, 0.0, 0.0, 0.0, 0.0, 0.0, 0.0, 0.0, 0.0, 0.0, 0.0, 0.0, 0.0, 0.0, 0.0, 0.0, 0.0, 0.0, 0.0, 0.0, 0.0, 0.0, 0.0, 0.11290322580645161, 0.12903225806451613, 0.03225806451612903, 0.0, 0.0, 0.0, 0.0, 0.0, 0.0, 0.0, 0.0, 0.0, 0.0, 0.0, 0.0, 0.0, 0.0, 0.0, 0.0, 0.0, 0.0, 0.0, 0.0, 0.0, 0.0, 0.0, 0.0, 0.0, 0.0, 0.0, 0.0, 0.0, 0.0, 0.0, 0.0, 0.0, 0.0, 0.0, 0.0, 0.0, 0.0, 0.0, 0.0, 0.0, 0.0, 0.0, 0.0, 0.0, 0.0, 0.0, 0.0, 0.0, 0.0, 0.0, 0.0, 0.0, 0.0, 0.0, 0.0, 0.0, 0.0, 0.0, 0.0, 0.0, 0.0, 0.0, 0.0, 0.0, 0.0, 0.0, 0.0, 0.0, 0.0, 0.0, 0.0, 0.0, 0.0, 0.0, 0.0, 0.0, 0.0, 0.0, 0.0, 0.0, 0.0, 0.0, 0.0, 0.0, 0.0, 0.0, 0.07887323943661972, 0.055299539170506916, 0.0, 0.0, 0.0, 0.0, 0.0, 0.0, 0.0, 0.0, 0.0, 0.0, 0.0, 0.0, 0.0, 0.0, 0.0, 0.0, 0.0, 0.0, 0.0, 0.0, 0.0, 0.0, 0.0, 0.0, 0.0, 0.0, 0.0, 0.0, 0.0, 0.0, 0.0, 0.0, 0.0, 0.0, 0.0, 0.0, 0.0, 0.0, 0.0, 0.0, 0.0, 0.0, 0.0, 0.0, 0.0, 0.0, 0.0, 0.0, 0.0, 0.0, 0.0, 0.0, 0.0, 0.0, 0.0, 0.0, 0.0, 0.0, 0.0, 0.0, 0.0, 0.0, 0.0, 0.0, 0.0, 0.0, 0.0, 0.0, 0.0, 0.0, 0.0, 0.0, 0.0, 0.0, 0.0, 0.0, 0.0, 0.0, 0.0, 0.0, 0.0, 0.0, 0.0, 0.0, 0.0, 0.0, 0.0, 0.0, 0.027649769585253458, 0.0, 0.0, 0.0, 0.0, 0.0, 0.0, 0.0, 0.0, 0.0, 0.0, 0.0, 0.0, 0.0, 0.0, 0.0, 0.0, 0.0, 0.0, 0.0, 0.0, 0.0, 0.0, 0.0, 0.0, 0.0, 0.0, 0.0, 0.0, 0.0, 0.0, 0.0, 0.0, 0.0, 0.0, 0.0, 0.0, 0.0, 0.0, 0.0, 0.0, 0.0, 0.0, 0.0, 0.0, 0.0, 0.0, 0.0, 0.0, 0.0, 0.0, 0.0, 0.0, 0.0, 0.0, 0.0, 0.0, 0.0, 0.0, 0.0, 0.0, 0.0, 0.0, 0.0, 0.0, 0.0, 0.0, 0.0, 0.0, 0.0, 0.0, 0.0, 0.0, 0.0, 0.0, 0.0, 0.0, 0.0, 0.0, 0.0, 0.0, 0.0, 0.0, 0.0, 0.0, 0.0, 0.0, 0.0, 0.0, 0.0]}
